pdb_id: 1DJS
analysis type: bound
radii_file: C:\Users\choi\Desktop\PSAIA_output\amac_data\chothia.radii
ASA_zSice: 0.25
ASA_rSolvent: 1.4
CX_sRadius: 10
CX_vAtom: 20.1
radii_file: C:\Users\choi\Desktop\PSAIA_output\amac_data\hydrophobicity.hpb

  chain id|    res id|  res name|    average DPX|      s_avg DPX|   s-ch avg DPX| s-ch s_avg DPX|        max DPX|        min DPX|     average CX|       s_avg CX|    s-ch avg CX|  s-ch s_avg CX|         max CX|         min CX| Hydrophobicity|               
         A        147        THR               0               0               0               0               0               0          6.8517          1.1181          7.7148         0.53585          8.4726          4.9542            -0.7               
         A        148        LEU               0               0               0               0               0               0          4.6147         0.62116          4.9486         0.45118          5.3151          3.3416             3.8               
         A        149        GLU               0               0               0               0               0               0          2.9366         0.80575           3.386         0.80015          4.7888          2.0203            -3.5               
         A        150        PRO               0               0               0               0               0               0          2.0666         0.46164          2.4777         0.12262          2.5931          1.2652             1.6               
         A        151        GLU         0.15958         0.45136               0               0          1.4362               0          1.6355         0.32818          1.8907         0.18391          2.0647          1.1484            -3.5               
         A        152        GLY               0               0               0               0               0               0         0.80474         0.14661               0               0         0.94764         0.61548            -0.4               
         A        153        ALA         0.53409         0.65788               0               0          1.4462               0         0.62153          0.1181         0.79653               0         0.79653         0.46759             1.8               
         A        154        PRO          1.2431         0.86843          1.2585          0.9473          2.2855               0         0.36629         0.10706         0.28365        0.057489         0.57877         0.22587             1.6               
         A        155        TYR          0.4177         0.75167               0               0          2.2427               0         0.82088         0.21922         0.96003         0.10303           1.105         0.40809            -1.3               
         A        156        TRP         0.39024         0.61859          0.2779         0.55579          1.4539               0          0.5299         0.33008         0.37844         0.19988          1.3415          0.1085            -0.9               
         A        157        THR         0.20704         0.50715               0               0          1.4493               0          1.0761          0.2171         0.98356         0.09887          1.5108         0.79653            -0.7               
         A        158        ASN         0.48307         0.62434          0.3318         0.57469          1.3272               0          1.1408         0.29065          1.3429         0.26454          1.7786         0.75124            -3.5               
         A        159        THR               0               0               0               0               0               0          1.1828         0.20566          1.3706         0.16413          1.5728         0.89452            -0.7               
         A        160        GLU         0.13719         0.38802               0               0          1.2347               0          1.5419         0.36015          1.8365         0.11812          1.9771         0.94764            -3.5               
         A        161        LYS         0.16176         0.45752               0               0          1.4558               0         0.96534         0.39852          1.2234         0.32087          1.6379         0.40809            -3.9               
         A        163        GLU               0               0               0               0               0               0         0.82083         0.21856          0.9954          0.1181          1.1937         0.53233            -3.5               
         A        164        LYS          0.1361         0.38495               0               0          1.2249               0         0.25322        0.068674         0.20889        0.042816         0.39864         0.15776            -3.9               
         A        165        ARG         0.45872         0.77996               0               0          2.2669               0         0.68562         0.34628         0.90496         0.22831          1.1708         0.21161            -4.5               
         A        166        LEU         0.52349         0.67969         0.37729         0.65349          1.5092               0         0.13033        0.059981         0.11948        0.064648         0.22587        0.057855             3.8               
         A        167        HIS         0.77496         0.81231         0.45702         0.64632          2.2336               0         0.13085        0.038797         0.15726        0.025822         0.20461        0.074214            -3.2               
         A        168        ALA          1.0236         0.92938          2.4368               0          2.4368               0        0.073248        0.012223        0.052513               0        0.085404        0.052513             1.8               
         A        169        VAL          2.3122          1.2014          1.3163          1.0016          3.8416               0         0.14095        0.049728         0.19326        0.012981         0.21161        0.074214             4.2               
         A        170        PRO          1.6106         0.77887          1.2865         0.98152          2.3811               0         0.25024        0.054108         0.24235        0.049067         0.31897         0.17077             1.6               
         A        171        ALA         0.29199         0.58399               0               0            1.46               0          0.5386        0.097687         0.68063               0         0.68063         0.38932             1.8               
         A        172        ALA         0.24685         0.49369               0               0          1.2342               0          1.0298         0.22478          1.1708               0          1.3415         0.66718             1.8               
         A        173        ASN         0.63179         0.85236               0               0          2.2509               0         0.73519        0.083324         0.66807        0.037944         0.86069         0.60306            -3.5               
         A        174        THR         0.38203         0.60724               0               0          1.4534               0          1.0635          0.3822          1.4496         0.20914          1.7421         0.60306            -0.7               
         A        175        VAL         0.17473           0.428               0               0          1.2231               0          0.2421         0.11104         0.13067         0.04884         0.42738        0.063253             4.2               
         A        176        LYS         0.46339         0.65914         0.30039         0.60078           1.502               0          0.5868         0.23927         0.72847         0.23679          1.1708          0.3445            -3.9               
         A        177        PHE          1.2737         0.86991          1.2872         0.90354          2.3737               0        0.069356        0.063975        0.026516        0.028682         0.19084               0             2.8               
         A        178        ARG         0.24284         0.51741               0               0          1.4491               0         0.41189          0.3291         0.60316         0.26201          1.0038        0.016573            -4.5               
         A        179        CYS         0.89634         0.94637               0               0          2.3984               0        0.024561         0.01811        0.013294        0.013294        0.041988               0             2.5               
         A        180        PRO         0.60051         0.69864               0               0          1.5046               0         0.32769        0.090195         0.38421        0.074668         0.46759         0.15776             1.6               
         A        181        ALA          1.6653          1.1444          3.3676               0          3.3676               0         0.38655         0.13885         0.21161               0         0.59082         0.21161             1.8               
         A        182        GLY          1.2588         0.81006               0               0          2.2583               0         0.48151        0.071286               0               0          0.5669         0.37104            -0.4               
         A        183        GLY               0               0               0               0               0               0         0.52405        0.067196               0               0         0.62811         0.44721            -0.4               
         A        184        ASN         0.48654         0.86935               0               0          2.3732               0          1.0113         0.29321          1.2505         0.21753          1.5414         0.61548            -3.5               
         A        185        PRO         0.38006         0.60351               0               0          1.4344               0         0.96364         0.21878           1.164        0.038543           1.217          0.5669             1.6               
         A        187        PRO         0.43031          0.6804          1.0041         0.71001          1.5148               0         0.48577         0.15994         0.35645        0.093468         0.78118          0.2864             1.6               
         A        188        THR         0.17622         0.43166               0               0          1.2336               0         0.92984         0.45718          1.4206         0.20241          1.7065         0.36208            -0.7               
         A        190        ARG         0.32462          0.7157               0               0          2.2427               0         0.79566         0.39157          1.0666         0.18473          1.2652         0.18408            -4.5               
         A        191        TRP          0.8305         0.89725         0.89529         0.96484          2.4214               0         0.12728         0.14892         0.04142        0.056131         0.43722               0            -0.9               
         A        192        LEU          1.1174         0.94285         0.99917          1.0555          2.4796               0         0.44997         0.21863         0.63631         0.15174         0.81215         0.17739             3.8               
         A        193        LYS         0.45122         0.64205               0               0          1.5208               0         0.42782         0.17187         0.37221         0.11251         0.78118         0.27851            -3.9               
         A        194        ASN         0.18159         0.48043               0               0          1.4527               0         0.93711         0.26467         0.87531        0.063523          1.4232           0.478            -3.5               
         A        195        GLY               0               0               0               0               0               0          1.2643         0.23628               0               0          1.6379         0.98474            -0.4               
         A        196        LYS         0.54522         0.81162               0               0          2.2563               0           2.058          1.4284          3.0239          1.2462          4.9542         0.60306            -3.9               
         A        197        GLU         0.29709         0.55834               0               0          1.4499               0          1.3883          0.5243          1.7807         0.36236          2.3613         0.66718            -3.5               
         A        198        PHE         0.81769         0.95421          1.0783          1.0099          2.3988               0         0.26081         0.17402         0.13632        0.047756         0.54369        0.074214             2.8               
         A        199        LYS          0.5412         0.80443               0               0          2.2301               0          1.4861         0.75092          2.0565         0.52748          2.6561         0.69429            -3.9               
         A        200        GLN         0.15963          0.4515               0               0          1.4367               0          1.1236        0.095406          1.1196         0.11281          1.2652         0.94764            -3.5               
         A        201        GLU         0.13601         0.38469               0               0          1.2241               0          2.2735          1.0229          2.9804         0.86963          3.9618          1.3155            -3.5               
         A        202        HIS         0.14459         0.43376               0               0          1.4459               0         0.97687         0.25714          1.0291          0.3133          1.4809         0.62811            -3.2               
         A        203        ARG         0.25687         0.54638         0.21531          0.5274          1.5072               0         0.53984         0.28492         0.34298         0.11672          1.0431         0.23312            -4.5               
         A        204        ILE               0               0               0               0               0               0           1.921         0.77015          2.5899         0.51558          3.3416           1.084             4.5               
         A        205        GLY               0               0               0               0               0               0            1.44         0.15347               0               0           1.605          1.2408            -0.4               
         A        206        GLY               0               0               0               0               0               0         0.80099         0.22202               0               0           1.105         0.51013            -0.4               
         A        207        TYR         0.76158         0.95923          1.1424          0.9722          2.5104               0          0.4618         0.16155         0.35491        0.027892         0.78118         0.30248            -1.3               
         A        208        LYS         0.39799          0.7762               0               0          2.2562               0          1.1533         0.66367          1.5858         0.60281          2.6561           0.478            -3.9               
         A        209        VAL         0.38202         0.60695               0               0          1.4484               0         0.68339         0.16224         0.56064        0.049634          1.0233         0.51013             4.2               
         A        210        ARG         0.74749         0.86067         0.40498         0.64252          2.4168               0         0.99331           0.273           1.147         0.21548          1.5728         0.62811            -4.5               
         A        211        ASN         0.18239         0.48256               0               0          1.4591               0          1.1592         0.30828          1.2309         0.32187          1.7421         0.79653            -3.5               
         A        212        GLN         0.14504         0.41025               0               0          1.3054               0          1.7525         0.29976          1.9892         0.10481          2.1575          1.2652            -3.5               
         A        213        HIS         0.13324         0.39972               0               0          1.3324               0           1.004          0.4312           1.233         0.38801          1.7421         0.38932            -3.2               
         A        214        TRP         0.37934         0.60076         0.27604          0.5521          1.3911               0         0.33759          0.1475         0.36415         0.13262         0.59082        0.074214            -0.9               
         A        215        SER         0.67944         0.68344         0.70454         0.70454          1.4541               0         0.25231         0.07619         0.34252        0.056118         0.39864         0.16423            -0.8               
         A        216        LEU         0.91787         0.97611         0.38188         0.66144          2.3627               0         0.11406        0.052601        0.082861        0.057699         0.16423       0.0019112             3.8               
         A        217        ILE         0.56013         0.72336           0.757         0.75704           1.525               0          0.4541         0.17635          0.6176           0.092         0.72229         0.27072             4.5               
         A        219        GLU         0.29755         0.55932               0               0          1.4544               0          1.0716         0.44127          1.4098         0.29521          1.7421         0.51013            -3.5               
         A        220        SER         0.44426         0.63157               0               0          1.4443               0         0.96381         0.31611          1.3181         0.25473          1.5728         0.61548            -0.8               
         A        221        VAL          2.0429         0.92585          1.3448          1.0324          2.8291               0         0.36872         0.13735         0.23257         0.07135         0.57877          0.1326             4.2               
         A        222        VAL           1.312          1.1869               0               0          2.7075               0         0.70638         0.21192         0.94274        0.046789         0.98474         0.44721             4.2               
         A        223        PRO          0.2057         0.50387               0               0          1.4399               0          1.1024         0.18677          1.2756         0.15542          1.4809         0.87746             1.6               
         A        224        SER               0               0               0               0               0               0          1.1402         0.22891          1.4112        0.069689          1.4809         0.84423            -0.8               
         A        225        ASP          1.1505          1.0076         0.31009          0.5371          2.6947               0         0.38349         0.13603         0.29128        0.062679         0.66718         0.24789            -3.5               
         A        226        LYS         0.57253         0.86024               0               0          2.4089               0         0.53796        0.093314         0.54357         0.10171         0.68063         0.40809            -3.9               
         A        227        GLY         0.66834         0.67225               0               0          1.4391               0         0.42565         0.10713               0               0         0.57877          0.2864            -0.4               
         A        228        ASN         0.35625         0.61882               0               0          1.5187               0         0.54603         0.25972         0.75502         0.20729           1.105         0.27072            -3.5               
         A        229        TYR          1.3263          1.1104          1.0777            1.24          3.4749               0        0.038286        0.031722        0.022274        0.024822        0.091087               0            -1.3               
         A        230        THR         0.97891          1.2023               0               0           2.948               0         0.20054          0.1039         0.31699         0.03255         0.36208        0.085404            -0.7               
         A        231        CYS          1.8703         0.96336         0.90046         0.90046          2.9782               0         0.13465         0.05946        0.074928        0.027704         0.23312        0.047224             2.5               
         A        232        VAL          1.3241          1.1993               0               0          2.6836               0         0.48821         0.12343         0.61634        0.037295         0.66718         0.33588             4.2               
         A        233        VAL          2.4295          1.2261          1.3357           1.024          3.8599               0         0.18439        0.076856         0.10369          0.0339         0.27851        0.057855             4.2               
         A        234        GLU         0.90791          1.1205         0.30294         0.60589          2.9898               0         0.77572          0.3286          1.0303         0.20581           1.217         0.35323            -3.5               
         A        235        ASN         0.96633          1.0193          1.5695         0.97709          2.4122               0         0.64519         0.14667         0.52732        0.030136          0.9119         0.48855            -3.5               
         A        236        GLU         0.16932         0.47891         0.30477         0.60955          1.5239               0          1.5428         0.40333          1.7688         0.34171          2.3079         0.94764            -3.5               
         A        237        TYR         0.10969         0.36378               0               0          1.3162               0          1.5253         0.37237          1.6456         0.38556          2.2061           1.084            -1.3               
         A        238        GLY         0.30508         0.52841               0               0          1.2203               0         0.87076         0.18346               0               0           1.105         0.61548            -0.4               
         A        239        SER          0.2424         0.54203               0               0          1.4544               0         0.90102         0.11315         0.88908        0.076931           1.105         0.78118            -0.8               
         A        240        ILE          1.1237         0.95959          1.0169          1.0783          2.5409               0         0.50399         0.13385         0.43311          0.1504         0.64093         0.27072             4.5               
         A        241        ASN         0.52027         0.67568         0.37445         0.64856          1.4978               0         0.80938         0.23821         0.97162         0.22534          1.1937         0.49926            -3.5               
         A        242        HIS         0.53673         0.85316               0               0          2.3969               0         0.35527         0.10509         0.33914         0.10061         0.51013         0.19084            -3.2               
         A        243        THR          1.2878          1.1605               0               0          2.6341               0         0.46839         0.16278         0.61385         0.13243         0.78118          0.2864            -0.7               
         A        244        TYR           2.177          1.5353          1.4139           1.299          4.4719               0         0.11746        0.071343        0.072874        0.038822         0.23312       0.0067513            -1.3               
         A        245        HIS         0.94923           1.211               0               0          3.0036               0         0.42844         0.23445         0.57149          0.1966         0.84423         0.13878            -3.2               
         A        246        LEU           1.885          1.2728         0.75586         0.75587          3.4281               0        0.098338        0.069914        0.036041        0.023536         0.21161        0.016573             3.8               
         A        247        ASP          1.1687          1.2218               0               0          2.9034               0         0.18332        0.064157         0.23652        0.043665          0.2864        0.085404            -3.5               
         A        248        VAL          1.1771         0.82612          1.0086         0.71322          2.4632               0         0.28569        0.081006         0.28408        0.061111         0.43722         0.19084             4.2               
         A        249        VAL         0.59746         0.69443         0.50302         0.71138          1.5091               0         0.24284        0.082845         0.19461        0.066602         0.38012          0.1085             4.2               
         A        250        GLU               0               0               0               0               0               0          1.0681         0.45955          1.4002         0.34794          1.9771         0.45733            -3.5               
         A        251        ARG               0               0               0               0               0               0         0.35041         0.27259         0.16654        0.091001         0.94764        0.052513            -4.5               
         A        252        SER         0.20477         0.45788               0               0          1.2286               0         0.63429         0.14145          0.7817        0.030456         0.81215         0.41767            -0.8               
         A        253        PRO         0.38241         0.60743               0               0           1.447               0         0.74549         0.12492         0.83357        0.098743          0.9119         0.59082             1.6               
         A        254        HIS         0.12179         0.36538               0               0          1.2179               0          1.1018         0.58678          1.4534         0.50125          2.3079         0.36208            -3.2               
         A        255        ARG         0.24607         0.52446               0               0          1.4727               0          1.1651         0.80537          1.5746         0.74204           2.789         0.31897            -4.5               
         A        256        PRO          2.2895            1.21          3.4023         0.21516          3.6742               0         0.16381        0.078785         0.11273        0.050909         0.31897        0.068705             1.6               
         A        257        ILE         0.52599         0.68332         0.38009         0.65833          1.5204               0         0.62461         0.26673         0.86979         0.13014          1.0431         0.26302             4.5               
         A        258        LEU          1.1607          1.0026          1.6503          1.0357          2.5406               0         0.37989         0.24462         0.17873        0.076715         0.84423         0.12042             3.8               
         A        259        GLN         0.39339         0.76528               0               0          2.2152               0          1.1497         0.28414          1.3367          0.2199          1.6718         0.66718            -3.5               
         A        260        ALA               0               0               0               0               0               0          1.9669         0.62055           3.168               0           3.168          1.3954             1.8               
         A        261        GLY               0               0               0               0               0               0          1.1974         0.21497               0               0          1.4517         0.96601            -0.4               
         A        262        LEU         0.37239          0.6452         0.38047         0.65899          1.5219               0         0.64262          0.1898         0.76713         0.12312         0.94764         0.37104             3.8               
         A        263        PRO          2.0117          1.1373          3.0491         0.42316          3.4901               0         0.22492         0.13083        0.098946        0.014382         0.45733         0.07978             1.6               
         A        264        ALA         0.24493         0.48986               0               0          1.2247               0         0.71099         0.24817          1.1265               0          1.1265         0.45733             1.8               
         A        265        ASN         0.18096         0.47876               0               0          1.4476               0         0.94414         0.28527          1.1309          0.2976          1.6379         0.68063            -3.5               
         A        266        ALA         0.26321         0.52642               0               0          1.3161               0         0.60082        0.064987         0.49926               0         0.68063         0.49926             1.8               
         A        267        SER         0.24056          0.5379               0               0          1.4433               0          1.0144         0.26639          1.3709        0.080826          1.4517         0.75124            -0.8               
         A        268        THR         0.57869         0.67292         0.50381         0.71249          1.5114               0         0.58541         0.13771         0.47545          0.1468         0.70818         0.29439            -0.7               
         A        269        VAL         0.90795          1.0948               0               0          2.5669               0          1.0886         0.43037          1.5375         0.20828          1.8162         0.54369             4.2               
         A        270        VAL           0.774         0.93447         0.50286         0.71116          2.3955               0          0.9474         0.19572          1.0701         0.21186          1.3682         0.72229             4.2               
         A        271        GLY         0.33152         0.57421               0               0          1.3261               0          1.0968         0.32111               0               0          1.5728         0.66718            -0.4               
         A        272        GLY         0.88857          0.9444               0               0          2.2296               0         0.92121        0.096423               0               0          1.0431         0.78118            -0.4               
         A        273        ASP         0.18063         0.47789               0               0           1.445               0          1.0848         0.36022          1.3985         0.23157          1.6718         0.65395            -3.5               
         A        274        VAL         0.40644         0.64463         0.50569         0.71516          1.5171               0         0.38007         0.11671         0.26138         0.06485         0.52115         0.17077             4.2               
         A        275        GLU         0.16187         0.45785               0               0          1.4569               0         0.77514          0.3955          1.0863         0.24911          1.3415         0.33588            -3.5               
         A        276        PHE          2.4207          1.2229          3.1116         0.82453            4.15               0         0.11271        0.087287         0.05142         0.02735         0.27851               0             2.8               
         A        277        VAL         0.95746          1.1671               0               0          2.7936               0         0.36128         0.16986         0.55561        0.024841         0.57877         0.19084             4.2               
         A        278        CYS          1.1753         0.91576          0.9077          0.9077          2.4944               0         0.10611          0.0725        0.015835        0.015835         0.19084               0             2.5               
         A        279        LYS               0               0               0               0               0               0         0.74213         0.60058          1.1371         0.54561          2.0203          0.2187            -3.9               
         A        280        VAL         0.21518         0.52707         0.50208         0.71004          1.5062               0         0.15835         0.13252        0.029772        0.022007         0.37104               0             4.2               
         A        281        TYR         0.22281         0.50018               0               0           1.445               0         0.67598         0.30656          0.8518          0.2114          1.1484         0.21161            -1.3               
         A        282        SER          1.4885         0.77676          1.9693         0.42322          2.3925               0         0.18427        0.082203        0.083176        0.025321         0.31068        0.057855            -0.8               
         A        283        ASP               0               0               0               0               0               0         0.15959        0.045494         0.18139        0.028201         0.22587        0.074214            -3.5               
         A        284        ALA         0.71016         0.91509               0               0          2.2251               0        0.026549         0.02814        0.057855               0        0.063253               0             1.8               
         A        285        GLN         0.43968         0.62702         0.54762         0.67717          1.5167               0        0.035704        0.025735         0.03967        0.029353        0.096829        0.016573            -3.5               
         A        286        PRO          0.9644          0.8698          0.9972         0.70515           2.244               0        0.037915        0.019624        0.030374         0.02024        0.063253       0.0019112             1.6               
         A        287        HIS         0.39502         0.60452         0.45475         0.64312          1.3655               0         0.32752         0.15772         0.43029         0.11446         0.59082        0.085404            -3.2               
         A        288        ILE          1.2387          1.0749          0.7554         0.75542           2.917               0        0.076194        0.062989        0.020205        0.020217         0.17077               0             4.5               
         A        289        GLN          2.1615          1.7295         0.80003          1.0295          4.3679               0         0.34522         0.17931         0.48236           0.113         0.65395        0.085404            -3.5               
         A        290        TRP          4.0502         0.68619          4.0576         0.72782          5.3541          2.7027         0.08703         0.10955        0.031211        0.043809         0.38012               0            -0.9               
         A        291        ILE          1.5345          1.2539         0.37941         0.65716          2.9595               0         0.23574         0.07438         0.29046        0.052019         0.37104         0.12647             4.5               
         A        292        LYS         0.72154         0.84152         0.30052         0.60104           2.235               0          0.2877        0.071972         0.26388        0.055652         0.41767         0.21161            -3.9               
         A        293        HIS         0.14551         0.43653               0               0          1.4551               0         0.73103         0.30708         0.92323         0.24904          1.2408         0.33588            -3.2               
         A        294        VAL         0.40508         0.64214         0.50129         0.70894          1.5039               0         0.83239         0.25481         0.72715          0.1831          1.2652         0.52115             4.2               
         A        295        GLU               0               0               0               0               0               0          1.7189         0.37431          1.5787         0.28089          2.3613          1.1708            -3.5               
         A        296        LYS               0               0               0               0               0               0          2.6957         0.43069          2.4145         0.17976          3.5304          2.2061            -3.9               
         A        307        PRO         0.20965         0.51354               0               0          1.4676               0          2.4632         0.58399          3.0226         0.39013          3.3416          1.7065             1.6               
         A        308        TYR         0.21959          0.4924               0               0          1.4077               0           2.495          1.1537          3.0783         0.95678          4.9542          0.9119            -1.3               
         A        309        LEU         0.18031         0.47705               0               0          1.4425               0         0.91381          0.1562         0.87698         0.15343           1.105         0.72229             3.8               
         A        310        LYS         0.53977         0.80031               0               0          2.2082               0          1.0401          0.3288          1.2878         0.20002          1.5108         0.54369            -3.9               
         A        311        VAL         0.38148         0.60625               0               0          1.4494               0          1.1237         0.14615           1.149        0.036187          1.4232         0.94764             4.2               
         A        312        LEU         0.36903         0.63948         0.37898         0.65641          1.5159               0         0.60042         0.22437         0.39604         0.09471         0.94764         0.24789             3.8               
         A        313        LYS          0.5406          0.8032               0               0          2.2249               0         0.53343        0.072935         0.51608        0.074551         0.61548         0.38932            -3.9               
         A        314        ALA         0.53439         0.65913               0               0          1.4595               0         0.61164        0.077952         0.75124               0         0.75124         0.52115             1.8               
         A        315        ALA         0.74872         0.94406               0               0          2.2267               0         0.39435         0.14148         0.19769               0         0.60306         0.19769             1.8               
         A        316        GLY         0.33071         0.57281               0               0          1.3228               0         0.52474        0.098615               0               0         0.66718         0.38932            -0.4               
         A        317        VAL         0.59876         0.69602         0.50821         0.71871          1.5246               0         0.55563         0.11486         0.55622         0.15734         0.73665         0.35323             4.2               
         A        318        ASN               0               0               0               0               0               0         0.93856         0.21884         0.84763         0.18484          1.3682          0.5669            -3.5               
         A        319        THR               0               0               0               0               0               0         0.81366         0.15978         0.74999         0.17551          1.0233         0.52115            -0.7               
         A        320        THR         0.18769         0.45975               0               0          1.3139               0          1.2872         0.50394          1.8054         0.28338          2.2061         0.66718            -0.7               
         A        321        ASP               0               0               0               0               0               0         0.64448         0.14942         0.56427         0.14903         0.78118          0.3445            -3.5               
         A        322        LYS         0.13669         0.38661               0               0          1.2302               0            1.64         0.59379          2.1071         0.32768          2.5322         0.75124            -3.9               
         A        323        GLU          0.2969         0.55758               0               0          1.4392               0          1.0396         0.39146          1.3059         0.23815          1.6379         0.40809            -3.5               
         A        324        ILE         0.52274         0.67902         0.37555         0.65048          1.5022               0         0.19884        0.076717         0.17165        0.032234         0.37104         0.11443             4.5               
         A        325        GLU         0.59465         0.87618               0               0          2.3848               0         0.49849          0.2774         0.69831         0.21876          1.0038         0.20461            -3.5               
         A        326        VAL         0.95731         0.89546         0.50451         0.71348          2.4216               0         0.47213         0.13395         0.61344         0.05899         0.69429         0.31897             4.2               
         A        327        LEU          1.8408         0.80997          1.6262          1.0177          2.5179               0         0.21076        0.085165         0.14509        0.059559         0.33588        0.052513             3.8               
         A        328        TYR           0.337         0.58536         0.17234         0.45598           1.437               0         0.83615         0.26932         0.99976          0.1654          1.3682         0.43722            -1.3               
         A        329        ILE         0.53067         0.69017         0.75574         0.75577          1.5204               0         0.37677         0.16964         0.21944        0.072648         0.61548          0.1326             4.5               
         A        330        ARG         0.13251         0.41902               0               0          1.4576               0           1.589         0.48488          1.9204         0.23708          2.2562         0.81215            -4.5               
         A        331        ASN               0               0               0               0               0               0           1.578         0.63168          2.1442         0.36237          2.5322         0.82805            -3.5               
         A        332        VAL          2.2029          1.2956          3.4932         0.19543          3.7337               0         0.40124         0.16013         0.22962        0.041038         0.62811         0.19084             4.2               
         A        333        THR         0.71456         0.86504               0               0          2.2239               0         0.88091         0.35105          1.2598         0.15323          1.3682         0.49926            -0.7               
         A        334        PHE         0.13207         0.41765               0               0          1.4528               0          1.1481          0.2281          1.2699         0.18666          1.5414         0.84423             2.8               
         A        335        GLU               0               0               0               0               0               0           1.532         0.61001          1.9682         0.40671          2.7214         0.62811            -3.5               
         A        336        ASP         0.84118         0.89129         0.37461         0.64885          2.3896               0         0.46258          0.1865         0.54281         0.17656         0.82805         0.18408            -3.5               
         A        337        ALA         0.78255         0.99882               0               0           2.401               0         0.41593        0.054851         0.49926               0         0.49926          0.3445             1.8               
         A        338        GLY          1.2068         0.78307               0               0          2.1926               0         0.38218        0.053467               0               0         0.45733         0.31068            -0.4               
         A        339        GLU         0.29565         0.55535               0               0          1.4363               0         0.55121         0.25742         0.72932         0.18774         0.92961         0.19769            -3.5               
         A        340        TYR          2.1592           1.194          1.7588           1.246          3.8014               0        0.039439        0.042821        0.018478        0.023694         0.14504               0            -1.3               
         A        341        THR          1.3491           1.235               0               0          3.0076               0         0.13186         0.11731         0.25543         0.05557         0.30248               0            -0.7               
         A        342        CYS          3.4668         0.37444          3.2144         0.25736          4.1541           2.957        0.060669        0.067501      0.00095558      0.00095558         0.19084               0             2.5               
         A        343        LEU          0.8361          0.8968         0.37655          0.6522          2.4393               0         0.32314         0.20225         0.49799         0.12961         0.61548        0.085404             3.8               
         A        344        ALA         0.81417         0.67134          1.5202               0          1.5202               0         0.12478        0.070783        0.036804               0         0.23312        0.036804             1.8               
         A        345        GLY         0.96925          1.0164               0               0          2.3714               0         0.18407        0.064016               0               0          0.2864         0.11443            -0.4               
         A        346        ASN          1.5029         0.97419          1.5005          0.9619          2.4462               0         0.25035         0.11438         0.18181        0.074795           0.478          0.1326            -3.5               
         A        347        SER               0               0               0               0               0               0          0.5312         0.24679         0.33278         0.08489          1.0038         0.24789            -0.8               
         A        348        ILE           0.355         0.61684         0.37956         0.65742          1.5182               0         0.78543         0.29149         0.65494         0.18513          1.3954         0.40809             4.5               
         A        349        GLY         0.30636         0.53063               0               0          1.2254               0         0.79468         0.20935               0               0           1.084         0.49926            -0.4               
         A        350        ILE         0.52117         0.67718         0.37821         0.65508          1.5128               0         0.96012         0.25001          1.0905         0.28346          1.4809         0.72229             4.5               
         A        351        SER         0.83524          0.8852               0               0           2.253               0         0.46776        0.085546         0.49391       0.0053545         0.57877         0.29439            -0.8               
         A        352        PHE          0.2661         0.56452         0.21118         0.51727          1.4782               0         0.99423         0.45022          1.2254         0.40872          1.8944           0.478             2.8               
         A        353        HIS         0.48977         0.78491               0               0          2.2456               0         0.48096         0.16493         0.57744         0.12763         0.73665         0.19084            -3.2               
         A        354        SER         0.24049         0.53774               0               0          1.4429               0         0.47609        0.069272         0.52115               0          0.5669         0.36208            -0.8               
         A        355        ALA         0.81422           0.671          1.5174               0          1.5174               0          0.3192        0.050105         0.27851               0         0.38932         0.25541             1.8               
         A        356        TRP         0.19226         0.47302               0               0          1.4632               0         0.83648         0.21713         0.95679         0.12247           1.217         0.49926            -0.9               
         A        357        LEU          3.2731         0.80434           4.017         0.37877          4.6163          2.2469         0.21787         0.12972        0.096954        0.058371         0.37104        0.031671             3.8               
         A        358        THR          0.7151         0.86666               0               0          2.2313               0         0.71022         0.30751          1.0488          0.1093          1.1937         0.38932            -0.7               
         A        359        VAL         0.81594         0.71248          1.0128         0.71618          1.5248               0         0.48461         0.16126         0.35948        0.090136         0.78118         0.23312             4.2               
         A        360        LEU         0.86094         0.90445         0.37868          0.6559          2.3991               0          1.3803         0.39648          1.7191         0.24232          2.0203         0.79653             3.8               
         A        361        PRO          0.4256         0.67301               0               0          1.5085               0          2.2457         0.34737          2.5236         0.19616          2.7214           1.605             1.6               
         A        362        ALA               0               0               0               0               0               0          3.1836         0.24754           3.434               0           3.434          2.7214             1.8               
         B          6        GLY               0               0               0               0               0               0         0.50256         0.11298               0               0         0.65395         0.33588            -0.4               
         B          7        ASN          0.7829         0.83562         0.89467          0.9562          2.2666               0          0.6027         0.14795         0.68455         0.13411         0.87746         0.39864            -3.5               
         B          8        TYR          1.0445          0.9558          0.9382          1.0034          2.3859               0          0.2393        0.093316         0.17862        0.038366         0.40809          0.1326            -1.3               
         B          9        LYS         0.32744         0.61285         0.30235         0.60469          1.5117               0          0.6891         0.19096         0.75274         0.20074          1.0633         0.44721            -3.9               
         B         10        LYS         0.13528         0.38264               0               0          1.2175               0          1.3768         0.89292          1.9407         0.82946           3.168         0.39864            -3.9               
         B         11        PRO         0.94039         0.87752         0.49557         0.70084          2.3745               0         0.57645         0.16413         0.73122         0.12245         0.86069         0.37104             1.6               
         B         12        LYS         0.55412         0.82183               0               0          2.2429               0         0.14783        0.086443         0.11372        0.068603         0.30248        0.052513            -3.9               
         B         13        LEU          2.0188          1.3274          1.0033          1.0617          3.6171               0         0.11388        0.032517         0.11373          0.0297         0.15776        0.074214             3.8               
         B         14        LEU          2.1027          1.5007         0.76415         0.76418          4.0247               0         0.02592        0.027428        0.019698        0.019783        0.085404               0             3.8               
         B         15        TYR          2.5547          1.5313          1.7604          1.2457           4.682               0        0.016515        0.034723        0.022701        0.040841         0.12647               0            -1.3               
         B         16        CYS           1.829         0.91982         0.89697         0.89697          2.7719               0       0.0038874       0.0061858               0               0        0.016573               0             2.5               
         B         17        SER         0.68291         0.68649         0.71102         0.71102          1.4488               0         0.21196        0.075617         0.26343        0.022972          0.2864        0.068705            -0.8               
         B         18        ASN         0.91439         0.97186         0.37839          0.6554          2.3379               0         0.35823        0.093838         0.38288         0.11727          0.5669         0.24046            -3.5               
         B         19        GLY         0.97393          1.0219               0               0          2.3857               0         0.18871          0.0385               0               0         0.24046          0.1326            -0.4               
         B         20        GLY         0.67032         0.67533               0               0          1.4567               0        0.070321        0.016112               0               0        0.085404        0.047224            -0.4               
         B         21        HIS          1.6111          1.4544         0.64154         0.96744          3.7153               0         0.10772         0.10853         0.17309        0.093737         0.29439               0            -3.2               
         B         22        PHE          2.7068          1.7764          1.6166          1.2648          5.2372               0        0.019277        0.029027        0.030293         0.03147        0.085404               0             2.8               
         B         23        LEU          3.0799          1.6424          1.6333          1.0259          4.8866               0      0.00047779      0.00082756               0               0       0.0019112               0             3.8               
         B         24        ARG          3.0436          1.8186          2.1788          1.7227          5.1267               0         0.24181         0.21108         0.36326         0.17049         0.59082               0            -4.5               
         B         25        ILE          4.5768         0.56986           4.903         0.52254          5.4589          3.6845        0.020248        0.031417       0.0016878       0.0029234         0.07978               0             4.5               
         B         26        LEU          1.3398          1.1165           0.377         0.65298          2.7724               0         0.57459           0.198         0.75256        0.048345         0.82805          0.2187             3.8               
         B         27        PRO         0.20656         0.50596               0               0          1.4459               0         0.99357         0.21914         0.97606         0.17467          1.2652         0.66718             1.6               
         B         28        ASP               0               0               0               0               0               0          1.9279         0.62281          2.2789         0.69134           3.253          1.3155            -3.5               
         B         29        GLY               0               0               0               0               0               0         0.67122         0.13608               0               0         0.87746         0.53233            -0.4               
         B         30        THR         0.69357         0.84908               0               0          2.2276               0         0.81543         0.33971          1.1611         0.16889          1.3954         0.37104            -0.7               
         B         31        VAL          1.3955          1.2941          2.7761         0.23106           2.942               0         0.26812         0.10923         0.14959        0.019818         0.41767          0.1326             4.2               
         B         32        ASP          1.5452          1.1404           0.857         0.91688          3.5836               0         0.33776          0.1695         0.48243           0.105         0.65395        0.091087            -3.5               
         B         33        GLY           1.564          1.0522               0               0          2.6741               0          0.1921        0.075569               0               0         0.31068         0.10263            -0.4               
         B         34        THR         0.93097         0.84965          0.5058         0.71531          2.2305               0         0.33492         0.15554         0.47618         0.11407         0.62811         0.15776            -0.7               
         B         35        ARG          0.2522         0.53572         0.39631         0.62759          1.4524               0         0.42589         0.10502         0.45109         0.11177         0.68063          0.2864            -4.5               
         B         36        ASP         0.44596         0.80536               0               0          2.2397               0          1.1339         0.48553          1.5902         0.20647          1.8162          0.5669            -3.5               
         B         37        ARG         0.25164         0.53475         0.18703         0.45814          1.4587               0         0.49226         0.14049         0.39871        0.044646         0.78118          0.3445            -4.5               
         B         38        SER               0               0               0               0               0               0          1.4056         0.47128          2.0503         0.15585          2.2061         0.96601            -0.8               
         B         39        ASP         0.66113         0.66547         0.68529         0.69126          1.4989               0         0.58651         0.15524         0.54332         0.11132         0.84423         0.37104            -3.5               
         B         40        GLN         0.13644         0.38592               0               0           1.228               0          1.1079         0.63227           1.559         0.50423          2.3613         0.43722            -3.5               
         B         41        HIS         0.69607         0.69971         0.71276         0.71472          1.5311               0          0.3656         0.26236         0.52171         0.21175         0.82805               0            -3.2               
         B         42        ILE          1.4174         0.92957          1.0063          1.0636          2.4997               0         0.04743        0.047287        0.073572        0.053594         0.15137               0             4.5               
         B         43        GLN         0.29981         0.56345               0               0          1.4629               0         0.31482         0.22648         0.48408         0.16528         0.66718        0.074214            -3.5               
         B         44        LEU          3.3992         0.56166          3.7832         0.13369          3.9111          2.2309        0.095202        0.079789        0.029356        0.015461         0.23312        0.011638             3.8               
         B         45        GLN         0.58357         0.88265               0               0          2.4992               0         0.28387        0.090973          0.3431        0.073082           0.478         0.14504            -3.5               
         B         46        LEU            0.83         0.89358         0.98994          1.0442          2.4496               0        0.068289        0.035856        0.040883        0.027084         0.12042               0             3.8               
         B         47        SER         0.83235         0.88132               0               0          2.2397               0        0.091239        0.075011         0.19182        0.034052         0.22587        0.016573            -0.8               
         B         48        ALA         0.53507         0.65867               0               0          1.4426               0         0.20277        0.089323          0.1326               0         0.33588         0.10263             1.8               
         B         49        GLU         0.13553         0.38333               0               0          1.2197               0          0.6883         0.14752         0.79295        0.067783         0.89452         0.39864            -3.5               
         B         50        SER         0.58662         0.86783               0               0          2.2011               0         0.65451         0.28082           1.025         0.05898           1.084         0.30248            -0.8               
         B         51        VAL         0.17457         0.42761               0               0           1.222               0         0.57746        0.057979         0.61262        0.045758         0.66718         0.52115             4.2               
         B         52        GLY               0               0               0               0               0               0         0.28608         0.08469               0               0         0.38932         0.17739            -0.4               
         B         53        GLU         0.29715          0.5582               0               0          1.4442               0          0.5004         0.37636         0.77794         0.28491          1.1937         0.12647            -3.5               
         B         54        VAL          2.2439          1.1222          1.3298          1.0197          3.6721               0        0.031682        0.024704        0.031738       0.0083411        0.068705               0             4.2               
         B         55        TYR           1.478         0.96296          1.5835          1.0033          2.5496               0         0.14653         0.13164         0.20724         0.12161         0.46759               0            -1.3               
         B         56        ILE          1.7334           1.144          1.7562            1.16          3.0848               0       0.0090498        0.015092      0.00095558      0.00095558        0.041988               0             4.5               
         B         57        LYS          1.2271          1.1883         0.30125          0.6025          3.0997               0         0.23487         0.17529          0.3474         0.15918         0.59082        0.036804            -3.9               
         B         58        SER          2.0328          1.0593         0.71155         0.71155          3.2241               0          0.2159          0.1197         0.14501        0.059603         0.39864        0.085404            -0.8               
         B         59        THR         0.20718         0.50749               0               0          1.4503               0         0.65535         0.19045         0.65186        0.061857          1.0038          0.3445            -0.7               
         B         60        GLU         0.14783         0.41814               0               0          1.3305               0          1.0801         0.41919            1.25         0.45679          1.8944         0.57877            -3.5               
         B         61        THR         0.39298         0.62188         0.47446         0.67099          1.4234               0         0.65579         0.13555         0.56688         0.16924         0.73665         0.33588            -0.7               
         B         62        GLY               0               0               0               0               0               0         0.61244        0.072247               0               0         0.72229         0.52115            -0.4               
         B         63        GLN          1.3281          1.3545         0.30217         0.60433          3.5141               0         0.27805         0.10371         0.34285         0.04799         0.38012        0.074214            -3.5               
         B         64        TYR          2.1383          1.5905           1.288          1.2478          4.4163               0         0.19115         0.15398         0.25611         0.15012         0.49926        0.026589            -1.3               
         B         65        LEU          2.7573          1.4347          3.9323         0.46642          4.5107               0        0.019876        0.017897        0.013407        0.017172        0.041988               0             3.8               
         B         66        ALA          1.5002         0.88605          2.5304               0          2.5304               0         0.10675        0.026025         0.14504               0         0.14504        0.074214             1.8               
         B         68        ASP         0.31002         0.53699         0.31233         0.54098          1.2493               0         0.73139         0.27855         0.97282          0.1164          1.1265         0.27851            -3.5               
         B         69        THR         0.38153         0.60598               0               0          1.4427               0          1.3281          0.4171          1.7471         0.29136          2.1575         0.86069            -0.7               
         B         70        ASP         0.33264         0.57861               0               0          1.4372               0          1.5314         0.59487          2.0564         0.36239          2.4164         0.84423            -3.5               
         B         71        GLY         0.36217          0.6273               0               0          1.4487               0         0.35852        0.087791               0               0         0.51013         0.30248            -0.4               
         B         72        LEU         0.54532         0.70608         0.37872         0.65595          1.5184               0         0.67926         0.36712          1.0012         0.23833          1.3954         0.25541             3.8               
         B         73        LEU         0.99867         0.83985         0.76013         0.76014          2.3939               0         0.21661         0.13282         0.10791        0.076956         0.43722        0.011638             3.8               
         B         74        TYR          0.8026          1.1954               0               0          3.3424               0         0.43612         0.11274         0.50327        0.044029          0.5669         0.20461            -1.3               
         B         75        GLY          1.5928          1.0801               0               0          2.7753               0         0.27418        0.098471               0               0         0.42738         0.16423            -0.4               
         B         76        SER         0.84014         0.88862               0               0          2.2556               0         0.41654         0.12494         0.51901        0.071808         0.59082         0.19084            -0.8               
         B         77        GLN         0.29698         0.55816               0               0          1.4497               0          1.2597         0.28472          1.4731         0.15333          1.6718         0.75124            -3.5               
         B         78        THR         0.55978         0.91498               0               0          2.3932               0          1.2289         0.59857          1.8234         0.42098          2.4164         0.60306            -0.7               
         B         79        PRO         0.42607         0.67378               0               0          1.5138               0         0.62974          0.1529         0.64415         0.16038         0.84423         0.43722             1.6               
         B         80        ASN          0.3296         0.57088         0.32964         0.57096          1.3186               0         0.70646         0.17537         0.79037         0.14807         0.94764         0.38012            -3.5               
         B         81        GLU         0.13651          0.3861               0               0          1.2286               0          1.1493         0.48763          1.5264         0.29055          1.9352           0.478            -3.5               
         B         82        GLU         0.16029         0.45337               0               0          1.4426               0         0.42363         0.24317         0.57906         0.19407         0.89452        0.074214            -3.5               
         B         83        CYS          1.9069          1.1777          3.2401         0.13875          3.3788               0         0.11264        0.075608         0.18595        0.047169         0.23312       0.0067513             2.5               
         B         84        LEU         0.80741         0.84595         0.37923         0.65685          2.1955               0         0.19174         0.10404         0.27913        0.078057         0.40809         0.07978             3.8               
         B         85        PHE          2.1757          1.3197           1.615          1.2643          3.9926               0        0.046526        0.043636        0.019036          0.0221         0.12647               0             2.8               
         B         86        LEU         0.84405         0.90899         0.37868         0.65589          2.4897               0          0.3149         0.15448          0.4442         0.10184         0.60306         0.11443             3.8               
         B         87        GLU         0.58669         0.85422         0.30135          0.6027          2.2577               0          0.1201          0.1003        0.046526        0.019282         0.31068        0.021556            -3.5               
         B         88        ARG         0.44296         0.75739               0               0          2.2322               0         0.54626         0.23901         0.70284         0.13544         0.94764         0.17077            -4.5               
         B         89        LEU               0               0               0               0               0               0         0.23442         0.12306         0.14811        0.041716         0.48855         0.10263             3.8               
         B         90        GLU         0.13911         0.39346          0.2504          0.5008           1.252               0         0.56093         0.15608         0.54569         0.14657         0.78118         0.31068            -3.5               
         B         91        GLU               0               0               0               0               0               0          2.2328           1.329          3.1828          1.0701          4.6324         0.96601            -3.5               
         B         92        ASN         0.32327         0.56083         0.30732          0.5323          1.3569               0         0.72497         0.22032         0.73558         0.21247           1.084         0.44721            -3.5               
         B         93        HIS         0.25244          0.5054               0               0          1.3132               0         0.51703          0.2317         0.65794         0.18297         0.89452         0.17739            -3.2               
         B         94        TYR           1.531          1.0652          1.6843          1.1334          3.1978               0         0.16879         0.05272         0.16022        0.053341         0.24789        0.074214            -1.3               
         B         95        ASN          2.3554          1.2083           1.486         0.95084           4.097               0        0.060626        0.028119        0.080055        0.017207        0.096829        0.011638            -3.5               
         B         96        THR          2.1537            1.01           1.293          1.0056           3.031               0        0.089156         0.03891           0.118        0.042567         0.17739        0.047224            -0.7               
         B         97        TYR          1.9942          1.1175          1.4722          0.9732          3.7769               0         0.01684        0.024795       0.0048393        0.012098        0.068705               0            -1.3               
         B         98        ILE          1.7085           1.105          0.7565          0.7565          3.0272               0         0.14549        0.064056         0.20201         0.03218         0.24046        0.047224             4.5               
         B         99        SER         0.89151         0.93969               0               0          2.3757               0        0.068775        0.075602        0.023612        0.023612          0.2187               0            -0.8               
         B        100        LYS         0.44147         0.85371               0               0          2.4449               0         0.59218          0.2853         0.74881         0.26409          1.1484         0.13878            -3.9               
         B        101        LYS         0.13614         0.38508               0               0          1.2253               0          0.6966         0.32609         0.83568         0.35751          1.3682         0.35323            -3.9               
         B        102        HIS          1.5052          1.3141         0.64208         0.96789          3.0918               0         0.45959         0.10933         0.43729         0.13004         0.61548         0.25541            -3.2               
         B        103        ALA         0.79292           1.016               0               0          2.4543               0          0.7884         0.11515         0.65395               0         0.96601         0.65395             1.8               
         B        104        GLU               0               0               0               0               0               0          1.5842         0.25981          1.5859         0.22193          2.0647          1.2408            -3.5               
         B        105        LYS         0.14671         0.41497               0               0          1.3204               0         0.99819         0.21424          1.0903         0.15036          1.3415         0.65395            -3.9               
         B        106        ASN         0.51414         0.66826               0               0          1.5429               0         0.57174         0.28536         0.77882         0.23418          1.1708         0.20461            -3.5               
         B        107        TRP         0.66077         0.79115         0.54936         0.67288          2.2471               0         0.25349         0.17819         0.32861         0.15018          0.5669               0            -0.9               
         B        108        PHE           1.413         0.98741          1.8152         0.89277          2.7441               0        0.070434        0.094306         0.11068        0.097576         0.24789               0             2.8               
         B        109        VAL         0.77659         0.93558         0.50577         0.71527          2.3883               0       0.0041376        0.004037       0.0028875       0.0028414        0.011638               0             4.2               
         B        110        GLY          3.3476         0.53775               0               0          3.8028          2.4451       0.0053891       0.0093342               0               0        0.021556               0            -0.4               
         B        111        LEU          1.9623         0.86193          1.6314          1.0233          2.7544               0        0.051629        0.041689        0.031581        0.020647         0.11443               0             3.8               
         B        112        LYS         0.29837         0.56076               0               0          1.4564               0         0.70869         0.41439         0.99316         0.34387          1.5108         0.18408            -3.9               
         B        113        LYS         0.16124         0.45605               0               0          1.4512               0         0.86847         0.35567          1.1113         0.30625          1.5728         0.52115            -3.9               
         B        114        ASN         0.15419         0.40795         0.30838         0.53413          1.2335               0           1.161         0.43514          1.5022         0.37284          2.1104         0.72229            -3.5               
         B        115        GLY         0.33119         0.57365               0               0          1.3248               0          0.4357        0.071641               0               0         0.55521         0.38012            -0.4               
         B        116        SER         0.58629         0.86905               0               0          2.2098               0         0.77652         0.34067          1.2432         0.07236          1.3155         0.44721            -0.8               
         B        117        CYS          0.4444         0.63171               0               0          1.4438               0         0.34665        0.070093         0.27928        0.031393         0.45733         0.24789             2.5               
         B        118        LYS         0.63239         0.71093         0.60366         0.73933          1.5092               0         0.27884        0.085799         0.30988        0.098539         0.42738         0.17077            -3.9               
         B        119        ARG         0.59262         0.81318         0.21517         0.52706          2.2386               0         0.82106         0.45645          1.0904         0.35671          1.6379         0.30248            -4.5               
         B        120        GLY         0.30707         0.53185               0               0          1.2283               0         0.21276        0.058406               0               0         0.26302         0.12042            -0.4               
         B        121        PRO         0.41959         0.66357         0.49796         0.70422          1.4939               0         0.73013         0.18911         0.70373         0.15133         0.98474         0.41767             1.6               
         B        122        ARG         0.12012         0.37987               0               0          1.3214               0          1.3682         0.72909          1.7741         0.61004          2.4733         0.51013            -4.5               
         B        123        THR          1.6551          1.2547           2.916         0.46299          3.5499               0         0.29986          0.1709         0.11676        0.019643         0.52115        0.091087            -0.7               
         B        124        HIS         0.48689         0.78073               0               0          2.2361               0          1.0795         0.47117           1.409         0.30831          1.7786         0.46759            -3.2               
         B        125        TYR         0.12113         0.40173               0               0          1.4535               0         0.90973         0.20887         0.87459         0.23886           1.217         0.55521            -1.3               
         B        126        GLY               0               0               0               0               0               0          1.5971         0.14763               0               0          1.7786          1.4517            -0.4               
         B        127        GLN         0.39431         0.76689         0.70976         0.91364          2.2191               0         0.64784          0.2406          0.5901         0.11557          1.1708         0.32737            -3.5               
         B        128        LYS         0.55544         0.81807               0               0          2.2224               0         0.74887         0.38932          1.0502         0.23467          1.3954         0.20461            -3.9               
         B        129        ALA          1.4002          1.2574               0               0          3.0846               0          0.1121        0.076194         0.13878               0         0.22587               0             1.8               
         B        130        ILE          3.7679         0.57214          4.0167         0.55217          4.7049          2.8378        0.051831        0.059091        0.088947        0.062077         0.17739               0             4.5               
         B        131        LEU          2.2648          1.4741          1.0063           1.067          3.6637               0         0.12889         0.13185         0.24608        0.085082         0.38012       0.0019112             3.8               
         B        132        PHE          1.3527          1.6071         0.21458         0.52561          4.0718               0       0.0057629        0.012418       0.0037984       0.0093041        0.036804               0             2.8               
         B        133        LEU          3.4887         0.60381          3.9197         0.32843          4.2945          2.4912        0.025587        0.016438        0.033197        0.016069        0.057855       0.0019112             3.8               
         B        134        PRO         0.42565         0.67304               0               0          1.5014               0        0.076812        0.033164        0.086159        0.028453         0.12647        0.036804             1.6               
         B        135        LEU          1.0099         0.86159          1.3834         0.89423          2.5012               0         0.16124        0.063844         0.11749        0.042802         0.26302        0.085404             3.8               
         B        136        PRO         0.50807         0.84029               0               0          2.2394               0         0.56184         0.16891         0.70306          0.1717         0.89452         0.39864             1.6               
         B        137        VAL         0.38384         0.60978               0               0          1.4541               0         0.63032        0.080802           0.586        0.070669         0.76608         0.48855             4.2               
         B        138        SER         0.20294         0.45379               0               0          1.2176               0          1.6557          0.4611          2.2312        0.025048          2.2562         0.92961            -0.8               
         B        139        SER               0               0               0               0               0               0          2.4513         0.80483          3.5304               0          3.5304          1.3954            -0.8               
         B        140        ASP         0.17773         0.43534          0.4147         0.58647          1.2441               0          1.2024          0.4757         0.69176         0.16825          1.8162          0.5669            -3.5               
