pdb_id: 1Z92
analysis type: bound
radii_file: C:\Users\choi\Desktop\PSAIA_output\amac_data\chothia.radii
ASA_zSice: 0.25
ASA_rSolvent: 1.4
CX_sRadius: 10
CX_vAtom: 20.1
radii_file: C:\Users\choi\Desktop\PSAIA_output\amac_data\hydrophobicity.hpb

  chain id|    res id|  res name|    average DPX|      s_avg DPX|   s-ch avg DPX| s-ch s_avg DPX|        max DPX|        min DPX|     average CX|       s_avg CX|    s-ch avg CX|  s-ch s_avg CX|         max CX|         min CX| Hydrophobicity|               
         A          6        SER               0               0               0               0               0               0          2.5526         0.53607          2.7625         0.16948           3.253          1.6379            -0.8               
         A          7        THR         0.51107         0.84456               0               0          2.2481               0          1.4863           0.426          1.6155         0.29708          2.1575         0.86069            -0.7               
         A          8        LYS         0.16188         0.45787               0               0          1.4569               0          2.3104          1.2988           3.142          1.2084          5.3151          1.0038            -3.9               
         A          9        LYS         0.58523         0.87041               0               0           2.407               0          1.8055         0.93103          2.4274         0.77538          3.7363         0.64093            -3.9               
         A         10        THR          1.3371          1.2158               0               0           2.886               0         0.54598         0.20485          0.6207         0.18437         0.82805          0.2187            -0.7               
         A         11        GLN         0.60542         0.89084         0.30264         0.60529          2.4189               0         0.55734         0.19113         0.68928         0.15205         0.87746         0.30248            -3.5               
         A         12        LEU         0.48662         0.87058               0               0          2.3825               0         0.89288         0.33052          1.1808         0.22266          1.5414         0.54369             3.8               
         A         13        GLN         0.59928         0.88362               0               0          2.4089               0         0.43705         0.14385         0.53671          0.0799         0.62811         0.20461            -3.5               
         A         14        LEU           3.613         0.49687          3.8376          0.2666           4.151          2.4354        0.066809        0.040954        0.043899        0.025196         0.15776        0.016573             3.8               
         A         15        GLU          1.0233          1.1859               0               0          2.7805               0         0.74406         0.38277          1.0178          0.2983          1.3415         0.27851            -3.5               
         A         16        HIS          0.2676         0.53755               0               0          1.4503               0         0.86821          0.4812          1.1523         0.42369          1.7786         0.33588            -3.2               
         A         17        LEU          3.7392          1.0241          4.6811         0.42259          4.9884           2.242        0.059142        0.061709       0.0092009        0.015936         0.19084               0             3.8               
         A         18        LEU          1.7299          1.4381          0.3836         0.66441          3.4477               0         0.26064         0.10167         0.32153        0.093408         0.44721         0.12647             3.8               
         A         19        LEU         0.65041         0.89746               0               0           2.446               0         0.76572         0.25763         0.99938         0.14029          1.1484         0.44721             3.8               
         A         20        ASP          1.5489          1.2845         0.37639         0.65192          3.1269               0         0.41077         0.10653         0.44344         0.13061         0.65395         0.30248            -3.5               
         A         21        LEU          4.3558          1.1153          5.2957          0.6428          5.9775          2.8971         0.11585         0.10383        0.014464        0.025052         0.23312               0             3.8               
         A         22        GLN         0.43971         0.84896               0               0          2.4238               0         0.62245         0.13995         0.68244         0.11216         0.86069          0.3445            -3.5               
         A         23        MET               0               0               0               0               0               0          1.0364         0.23382          1.2133         0.20272          1.4517         0.78118             1.9               
         A         24        ILE          1.0337         0.85508         0.75421         0.75423          2.3988               0         0.30825         0.15274         0.17941        0.078754         0.57877        0.074214             4.5               
         A         25        LEU          0.9459          1.0019               0               0          2.4403               0          0.4289        0.098251         0.38774         0.03163         0.60306         0.32737             3.8               
         A         26        ASN         0.15441         0.40854               0               0          1.2353               0          1.2845         0.41183           1.651         0.22721          1.8162         0.69429            -3.5               
         A         27        GLY               0               0               0               0               0               0         0.88854          0.1141               0               0          1.0431         0.75124            -0.4               
         A         28        ILE          1.0337         0.85471         0.75559          0.7556          2.3965               0         0.31567         0.14197          0.1923        0.084877         0.52115        0.047224             4.5               
         A         29        ASN          0.4948         0.88546               0               0          2.4245               0         0.73797         0.17696         0.73072         0.12345          1.0431         0.51013            -3.5               
         A         30        ASN               0               0               0               0               0               0          1.1406         0.15522          1.1916         0.14443          1.3954         0.87746            -3.5               
         A         31        TYR               0               0               0               0               0               0          3.2528          1.3685          4.0148          1.0301          5.9466          1.5414            -1.3               
         A         32        LYS         0.14704         0.41589               0               0          1.3234               0          2.7704          1.5452          3.7718          1.4181          6.1861          1.2652            -3.9               
         A         33        ASN         0.33268         0.57622         0.33297         0.57672          1.3319               0         0.66304         0.20641          0.5231         0.11022           1.084         0.41767            -3.5               
         A         34        PRO               0               0               0               0               0               0         0.56444         0.06277          0.6116        0.021329         0.64093         0.46759             1.6               
         A         35        LYS          1.4905          1.2537         0.61012         0.74725          3.3609               0         0.33292        0.070114         0.37522         0.05694         0.45733         0.22587            -3.9               
         A         36        LEU          1.1385         0.94943         0.38475         0.66641          2.4525               0         0.41785         0.12868         0.52276          0.1042         0.66718          0.2864             3.8               
         A         37        THR               0               0               0               0               0               0         0.73757         0.27894          1.0068          0.2184          1.3155         0.45733            -0.7               
         A         38        ARG          1.5199          1.1161         0.97401         0.91725          3.2686               0         0.19436        0.077834         0.18412        0.070529          0.3445         0.11443            -4.5               
         A         39        MET          3.6731          0.3404          3.8374        0.063115          4.2251          3.2121         0.12529        0.045991         0.10449         0.04634         0.19769        0.068705             1.9               
         A         40        LEU         0.68291         0.91974         0.38128          0.6604          2.4261               0         0.52655          0.1215         0.60806        0.092354         0.76608         0.35323             3.8               
         A         41        THR         0.57097         0.66138         0.47722         0.67488          1.4316               0          0.3474        0.095941         0.37104          0.1282         0.53233          0.2187            -0.7               
         A         42        PHE          1.3109         0.93936          1.6936         0.86508          2.7708               0         0.05612        0.076541      0.00096447       0.0023625         0.20461               0             2.8               
         A         43        LYS         0.29896         0.56162               0               0          1.4533               0         0.32097         0.23817         0.50343         0.15615         0.66718        0.021556            -3.9               
         A         44        PHE          3.6618         0.62248          4.0386         0.24409          4.3796            2.26        0.037692        0.052265       0.0082651        0.020245         0.16423               0             2.8               
         A         45        TYR          0.9845          1.0864         0.66415         0.91885          2.8733               0        0.047052        0.056263        0.070578        0.055569         0.15776               0            -1.3               
         A         46        MET          1.4058         0.89386          1.4659         0.92147           2.527               0         0.10767         0.11242         0.16445         0.12511         0.35323               0             1.9               
         A         47        PRO          1.8466         0.88084           1.263         0.95566          2.8261               0         0.11786         0.11766        0.038142        0.053941         0.31068               0             1.6               
         A         48        LYS         0.16163         0.45716               0               0          1.4547               0         0.82991         0.23376         0.77472         0.14598          1.2408         0.44721            -3.9               
         A         49        LYS         0.14771         0.41779               0               0          1.3294               0          1.4929         0.50715          1.9278         0.16534          2.2061         0.84423            -3.9               
         A         50        ALA         0.53863         0.66334               0               0          1.4565               0         0.38417         0.12192         0.17739               0         0.54369         0.17739             1.8               
         A         51        THR         0.38322         0.60886               0               0          1.4528               0         0.86453         0.28173          1.1523         0.15301          1.3155         0.48855            -0.7               
         A         52        GLU         0.55936         0.82671               0               0          2.2623               0          1.2235         0.63408          1.7147         0.39661          2.2061         0.38012            -3.5               
         A         53        LEU         0.52284          0.6791         0.37794         0.65462          1.5118               0         0.35255         0.13086         0.33124         0.11514         0.59082         0.17077             3.8               
         A         54        LYS         0.60449         0.88729         0.30458         0.60916          2.3955               0         0.75312         0.48762          1.0752          0.4284          1.8162         0.19769            -3.9               
         A         55        HIS          1.9659          1.5953         0.87836         0.95724          4.4864               0         0.31463         0.22664         0.45317         0.17494         0.66718               0            -3.2               
         A         56        LEU          4.5884         0.46268          4.7362         0.51094          5.6171          3.9003        0.013375        0.016153        0.016253        0.013219        0.041988               0             3.8               
         A         57        GLN          2.7396          1.3622          1.9373          1.2236          4.6962               0          0.1932         0.14484         0.30733        0.088873         0.39864        0.011638            -3.5               
         A         58        CYS         0.66199         0.97332               0               0          2.4472               0       0.0050365       0.0077644               0               0        0.021556               0             2.5               
         A         59        LEU          3.2564          1.0129          4.0178          0.5877          4.8817          1.3335        0.023908         0.02966               0               0         0.07978               0             3.8               
         A         60        GLU         0.93142          1.1672         0.30299         0.60598          3.2462               0         0.23295         0.12358         0.29456         0.12131         0.48855        0.057855            -3.5               
         A         61        GLU         0.71615         0.83466         0.99662         0.86963          2.1968               0         0.26328         0.11177         0.31348          0.1253         0.54369         0.16423            -3.5               
         A         62        GLU          1.4056         0.88464          1.0618         0.96665          2.5337               0        0.024542        0.034053       0.0013503       0.0027005         0.10263               0            -3.5               
         A         63        LEU          1.1332         0.95273          1.0091          1.0664          2.5061               0         0.15582        0.056918         0.14381        0.076124         0.25541        0.041988             3.8               
         A         64        LYS         0.29937         0.56237               0               0          1.4551               0         0.69797         0.35274         0.97632         0.21983          1.2408         0.31068            -3.9               
         A         65        PRO         0.78027         0.94292         0.50033         0.70758          2.4209               0         0.14657        0.071155         0.13651        0.067356         0.27851        0.063253             1.6               
         A         66        LEU          2.2451         0.96689          1.6314          1.0237          3.1551               0        0.049532        0.036294          0.0253        0.022054         0.10263               0             3.8               
         A         67        GLU         0.57528          0.8666               0               0           2.437               0         0.45806         0.15239         0.55972         0.12163         0.76608         0.22587            -3.5               
         A         68        GLU          0.7511         0.88383         0.30305          0.6061          2.3929               0         0.30347        0.059967         0.31024        0.075832         0.41767         0.18408            -3.5               
         A         69        VAL          1.5266          1.0634         0.49574         0.70109          2.7833               0         0.10867        0.090495       0.0055244       0.0078127         0.20461               0             4.2               
         A         70        LEU         0.33581         0.58446               0               0          1.4579               0         0.34257           0.146         0.24366        0.080129         0.60306         0.15776             3.8               
         A         71        ASN         0.18196         0.48142               0               0          1.4557               0         0.81604        0.081324         0.84473        0.030204         0.89452         0.62811            -3.5               
         A         72        LEU         0.54976         0.71213          0.7667          0.7667          1.5334               0         0.30546         0.18768         0.13307        0.085562          0.5669       0.0067513             3.8               
         A         73        ALA         0.26623         0.53246               0               0          1.3312               0         0.82318         0.23878         0.55521               0          1.1937         0.55521             1.8               
         A         81        ARG         0.11156         0.35278               0               0          1.2271               0          2.7222          1.2563          3.4206          1.0326          4.7888          1.1484            -4.5               
         A         82        PRO         0.51154         0.84528               0               0          2.2498               0         0.78868         0.18356         0.90509         0.17413           1.105         0.53233             1.6               
         A         83        ARG         0.11242          0.3555               0               0          1.2366               0          2.0615          1.1651          2.6936          1.0153          4.4841         0.86069            -4.5               
         A         84        ASP         0.18185         0.48113               0               0          1.4548               0          1.5856          0.4846          2.0271          0.2316          2.3613         0.96601            -3.5               
         A         85        LEU         0.48508         0.86794               0               0          2.3758               0         0.49972         0.12617         0.47087        0.068356         0.78118         0.36208             3.8               
         A         86        ILE          1.1536          0.9853          1.0161          1.0777          2.5401               0         0.27986        0.087717         0.22134        0.071587         0.42738         0.10263             4.5               
         A         87        SER               0               0               0               0               0               0         0.87363         0.22997          1.1567          0.1334          1.2901          0.5669            -0.8               
         A         88        ASN         0.32014         0.55515               0               0          1.3346               0         0.87499         0.25231          1.0764         0.18835          1.2901         0.54369            -3.5               
         A         89        ILE          3.4885         0.82039          4.2709         0.19385          4.4948          2.2453         0.20099         0.12429         0.10716        0.042531         0.46759        0.063253             4.5               
         A         90        ASN          1.2026          1.2697               0               0          3.1456               0          0.4746         0.16422         0.56663          0.1834         0.86069         0.30248            -3.5               
         A         91        VAL          1.3272          1.1982               0               0          2.7642               0           0.964         0.36103          1.3604         0.15033          1.4809         0.60306             4.2               
         A         92        ILE         0.86436         0.90703         0.38151         0.66079          2.4007               0         0.29537        0.062831         0.25882        0.044072         0.41767         0.20461             4.5               
         A         93        VAL          3.7992          1.0043          4.8719         0.01365          4.8856          2.4257         0.14621        0.092005        0.049683        0.026902         0.27851        0.011638             4.2               
         A         94        LEU          0.6816         0.91766         0.37656         0.65222          2.4188               0         0.70621         0.16659         0.81037         0.10715         0.98474         0.39864             3.8               
         A         95        GLU         0.30501         0.57462          0.3032          0.6064           1.516               0         0.98248         0.31038          1.1301         0.34961          1.7065         0.75124            -3.5               
         A         96        LEU          0.8739         0.92404          1.3823         0.88881          2.4817               0         0.32979         0.17645          0.1664        0.076817         0.57877        0.036804             3.8               
         A         97        LYS         0.75956         0.90221          1.1009         0.96802          2.4904               0         0.39779         0.16522         0.27102         0.06638         0.69429         0.19769            -3.9               
         A         98        GLY         0.30864         0.53458               0               0          1.2346               0         0.81231        0.086498               0               0         0.92961         0.72229            -0.4               
         A         99        SER               0               0               0               0               0               0           1.911         0.31406          2.1382         0.11798          2.2562          1.3682            -0.8               
         A        100        GLU         0.13679          0.3869               0               0          1.2311               0          2.8252          1.3168          3.8309         0.83302          4.9542         0.92961            -3.5               
         A        101        THR         0.17594         0.43096               0               0          1.2316               0          1.1704         0.24898          1.2113         0.29747          1.5728         0.84423            -0.7               
         A        102        THR         0.41358         0.65396         0.47839         0.67655          1.4599               0         0.64681         0.11208         0.55168        0.079815         0.84423         0.44721            -0.7               
         A        103        PHE         0.39273         0.64223         0.61715          0.7139          1.5319               0          0.4915         0.12917         0.43613         0.13126         0.65395         0.29439             2.8               
         A        104        MET               0               0               0               0               0               0          1.6853          1.0854          2.5789         0.86443          3.6311         0.66718             1.9               
         A        105        CYS         0.59439         0.85342          1.7832         0.25524          2.0384               0         0.30154         0.12265         0.13812         0.05272         0.41767        0.085404             2.5               
         A        106        GLU         0.13662         0.38641               0               0          1.2296               0         0.84342         0.31669          1.1086          0.1293          1.3155         0.42738            -3.5               
         A        107        TYR          1.1025          0.8621          1.3171         0.86392          2.4346               0         0.17633         0.17215        0.067986        0.041078         0.57877               0            -1.3               
         A        108        ALA         0.53523         0.65898               0               0          1.4447               0         0.58208         0.11025         0.61548               0         0.72229         0.38932             1.8               
         A        109        ASP               0               0               0               0               0               0          1.3677         0.45502           1.801         0.19479          2.1104         0.89452            -3.5               
         A        110        GLU         0.14835         0.41961               0               0          1.3352               0          1.6175         0.98231          2.3197         0.77729           3.434         0.48855            -3.5               
         A        111        THR         0.41509         0.65639         0.47771         0.67559          1.4725               0         0.52062         0.13599         0.48911         0.16895         0.72229         0.32737            -0.7               
         A        112        ALA         0.81786          0.6741          1.5211               0          1.5211               0         0.31828        0.035828          0.2864               0         0.36208         0.27072             1.8               
         A        113        THR          1.5868          1.1732         0.47729         0.67499          3.1073               0         0.40343         0.14291         0.53456         0.09714         0.66718         0.22587            -0.7               
         A        114        ILE          2.6479          1.2406          1.9282          1.3391          3.8193               0        0.050835        0.036028        0.022799        0.022476         0.10263               0             4.5               
         A        115        VAL          1.3272          1.2055               0               0          2.8225               0         0.50767         0.16659          0.6591         0.12719         0.82805         0.26302             4.2               
         A        116        GLU         0.29997         0.56388               0               0          1.4666               0         0.70772         0.28805         0.89804         0.25534          1.3682         0.40809            -3.5               
         A        117        PHE          2.2775          0.9726          2.0297          1.1275          3.7988               0        0.068879        0.092208       0.0059982        0.014693          0.2864               0             2.8               
         A        118        LEU          3.5936         0.69579          4.1372         0.31017          4.5297          2.4037         0.12356        0.058555        0.077568        0.046204         0.20461        0.016573             3.8               
         A        119        ASN         0.18149         0.48018               0               0          1.4519               0         0.65069         0.23856         0.85389         0.16537          1.1265          0.3445            -3.5               
         A        120        ARG         0.11178         0.35349               0               0          1.2296               0         0.43879         0.18388         0.50474         0.19863         0.76608         0.24046            -4.5               
         A        121        TRP          2.0584          1.0759          1.7576          1.1198          3.7145               0        0.038151        0.055094       0.0059883        0.010269         0.17739               0            -0.9               
         A        122        ILE          1.3357          1.1095         0.37839          0.6554          2.7344               0         0.26004        0.069805         0.25944        0.089056         0.40809         0.18408             4.5               
         A        123        THR          0.3856         0.61257               0               0          1.4608               0         0.76026         0.25627          1.0307         0.12056          1.1265         0.45733            -0.7               
         A        124        PHE          1.2972          1.0724          1.4792          1.0553          2.7819               0         0.17758        0.089585          0.1236         0.06019         0.33588        0.041988             2.8               
         A        125        CYS          3.5066         0.88346          4.4842         0.63141          5.1156          2.4145         0.11712        0.074771         0.03989         0.03989         0.20461               0             2.5               
         A        126        GLN         0.43871         0.84801               0               0          2.4266               0         0.70286         0.19172         0.81723          0.1437          1.0431         0.35323            -3.5               
         A        127        SER               0               0               0               0               0               0         0.87827         0.15433          1.0075         0.16329          1.1708         0.70818            -0.8               
         A        128        ILE           1.036         0.85612         0.75646         0.75652          2.3969               0         0.42897         0.11195         0.33239        0.062298         0.60306         0.25541             4.5               
         A        129        ILE          1.1443         0.97047         0.76815         0.76826          2.4532               0         0.48093         0.20489         0.37165         0.15132         0.81215         0.19769             4.5               
         A        130        SER               0               0               0               0               0               0          1.5837         0.31294          1.6574        0.084632          2.0203         0.98474            -0.8               
         A        131        THR         0.17462         0.42773               0               0          1.2223               0          1.5728         0.27088          1.3467         0.10822          2.1104          1.1937            -0.7               
         A        132        LEU         0.37275         0.64594         0.38279         0.66302          1.5312               0          1.0487         0.36006         0.72856         0.19206          1.5108         0.40809             3.8               
         A        133        THR               0               0               0               0               0               0          3.0065         0.65939            2.67         0.43798          3.9618          2.0647            -0.7               
         B         -1        ASP               0               0               0               0               0               0          3.4012          1.0563          3.8528          1.1051          5.1293          2.2061            -3.5               
         B          0        PRO           0.175         0.42867               0               0           1.225               0          1.1059         0.28248          1.0436         0.21112          1.6718         0.86069             1.6               
         B          1        GLU         0.39742         0.77421               0               0          2.2463               0         0.82444         0.36083          1.0734         0.23424          1.4232         0.27851            -3.5               
         B          2        LEU         0.62873         0.84864               0               0          2.2434               0          0.1566        0.064852         0.12616        0.055696         0.25541        0.063253             3.8               
         B          3        CYS         0.75044         0.77083         0.91233         0.91233          1.8247               0        0.083639         0.03373        0.050028        0.013225         0.12042        0.036804             2.5               
         B          4        ASP         0.78186         0.83282         0.31249         0.54124          2.2334               0         0.37011         0.11045         0.46625        0.042593         0.52115         0.18408            -3.5               
         B          5        ASP         0.15398          0.4074               0               0          1.2319               0         0.55673         0.27449         0.80954          0.1245         0.92961         0.19769            -3.5               
         B          6        ASP          0.1542         0.40799               0               0          1.2336               0         0.55663         0.14668         0.68038         0.10755         0.86069         0.38932            -3.5               
         B          7        PRO          1.2827         0.90798           1.283         0.96724          2.4149               0         0.21784         0.11977         0.11682        0.052541         0.44721        0.074214             1.6               
         B          8        PRO         0.50985          0.8426               0               0          2.2431               0         0.35706        0.058826         0.32656        0.050834         0.43722         0.25541             1.6               
         B          9        GLU         0.13653         0.38616               0               0          1.2287               0            1.69         0.87544           2.356         0.61171           3.168         0.70818            -3.5               
         B         10        ILE         0.56432         0.72884         0.76453         0.76453          1.5307               0          0.4284          0.1542         0.28004        0.044229         0.64093         0.23312             4.5               
         B         11        PRO         0.17609         0.43134               0               0          1.2326               0          1.0677         0.36476          1.4181         0.23942          1.7421          0.5669             1.6               
         B         12        HIS         0.41105         0.63128         0.47963         0.68006          1.5236               0           1.033         0.39469          1.2716         0.33481          1.7421         0.57877            -3.2               
         B         13        ALA         0.77948          1.0039          2.4397               0          2.4397               0         0.46236         0.09909          0.2864               0         0.59082          0.2864             1.8               
         B         14        THR         0.36565         0.57854               0               0          1.3193               0         0.74452         0.22381          0.9815        0.078115           1.084         0.45733            -0.7               
         B         15        PHE         0.13579          0.4294         0.21338         0.52268          1.4937               0           0.318         0.11995         0.24646        0.059863         0.57877         0.15776             2.8               
         B         16        LYS         0.39742         0.77475               0               0          2.2505               0         0.90523         0.59349          1.2864         0.55272          2.3079         0.38012            -3.9               
         B         17        ALA          0.5365         0.66082               0               0          1.4523               0         0.46754         0.12494         0.32737               0         0.66718         0.32737             1.8               
         B         18        MET               0               0               0               0               0               0          1.2429         0.40587          1.5585         0.30272          2.0647         0.66718             1.9               
         B         19        ALA               0               0               0               0               0               0           0.613         0.23035         0.98474               0         0.98474         0.32737             1.8               
         B         20        TYR         0.99601         0.92016          1.1379         0.97653          2.5171               0         0.22803         0.10002          0.1893        0.084938         0.41767        0.063253            -1.3               
         B         21        LYS         0.54667         0.81323               0               0           2.258               0         0.53752         0.22964         0.70089         0.17557         0.92961         0.23312            -3.9               
         B         22        GLU         0.27565         0.51573         0.25016         0.50032          1.2508               0         0.77366         0.26561         0.98149          0.1691          1.1937         0.45733            -3.5               
         B         23        GLY          0.6385         0.63943               0               0          1.3259               0         0.22065        0.081951               0               0         0.30248          0.1326            -0.4               
         B         24        THR          3.4194         0.90298          4.3747         0.42268          4.9515          2.2406        0.034231        0.034597        0.025045         0.01198         0.11443       0.0019112            -0.7               
         B         25        MET          2.0847          1.4449         0.82664         0.83138          3.8896               0        0.040953        0.023382        0.047618        0.030734         0.07978               0             1.9               
         B         26        LEU          3.8952         0.55927          3.9168          0.4748          4.6189          3.2384       0.0075472         0.01364        0.013407        0.017172        0.041988               0             3.8               
         B         27        ASN          1.0987         0.93799          0.8897         0.94624          2.4654               0        0.079987        0.068855         0.13635        0.050565         0.21161               0            -3.5               
         B         28        CYS         0.54391         0.77623         0.90607         0.90607          1.8121               0        0.016775        0.035811         0.04937        0.047459        0.096829               0             2.5               
         B         29        GLU         0.54572         0.81147               0               0          2.2513               0          0.1473        0.098683         0.22907        0.045627         0.27072       0.0067513            -3.5               
         B         30        CYS         0.44961         0.63915               0               0          1.4612               0         0.20795         0.11303         0.11522        0.029819         0.38012        0.085404             2.5               
         B         31        LYS         0.16236         0.45923               0               0          1.4612               0          1.1286         0.66136          1.5563         0.60352          2.4733         0.42738            -3.9               
         B         32        ARG               0               0               0               0               0               0          2.7543          1.6816          3.6647          1.4705          6.4428           1.105            -4.5               
         B         33        GLY               0               0               0               0               0               0           1.209        0.091513               0               0          1.3415           1.084            -0.4               
         B         34        PHE         0.82859          0.9695          1.0942          1.0277          2.4641               0         0.92646         0.37815          1.1402         0.28111          1.5414         0.31068             2.8               
         B         35        ARG         0.49185         0.83148         0.21576         0.52851          2.3858               0         0.21587        0.067053         0.20284        0.051964         0.32737          0.1326            -4.5               
         B         36        ARG         0.71332         0.83508         0.37864         0.59868          2.4212               0        0.075181        0.069808        0.038767        0.044172         0.20461               0            -4.5               
         B         37        ILE         0.52609         0.68349         0.38051         0.65906           1.522               0         0.74405         0.37273          1.0337          0.3211          1.4809         0.36208             4.5               
         B         38        LYS          0.3076         0.57958         0.30605          0.6121          1.5303               0         0.58371         0.11085         0.60901        0.098759         0.76608         0.43722            -3.9               
         B         39        SER         0.24131         0.53958               0               0          1.4479               0         0.55431         0.16794         0.72013        0.092023         0.81215         0.31897            -0.8               
         B         40        GLY         0.64059         0.64134               0               0          1.3251               0         0.26424         0.09159               0               0         0.37104         0.12042            -0.4               
         B         41        SER         0.20465         0.45761               0               0          1.2279               0          0.2589         0.14696          0.3987       0.0093873         0.40809        0.031671            -0.8               
         B         42        LEU          1.0256         0.86644          1.3827         0.89089          2.4894               0         0.01123        0.021503               0               0        0.063253               0             3.8               
         B         43        TYR          2.1741          1.2221          1.6997          1.1444          4.1271               0         0.12415         0.08194         0.12154        0.086434         0.29439        0.031671            -1.3               
         B         44        MET          2.5936          1.7161          1.1527          1.2017          4.8373               0         0.13705        0.072986         0.16995        0.082488         0.29439        0.057855             1.9               
         B         45        LEU          1.3758          1.1629         0.37941         0.65716          3.0251               0         0.36248         0.10577         0.38298         0.11397         0.53233         0.21161             3.8               
         B         46        CYS          1.3906          1.1045         0.91341         0.91341          2.8715               0         0.37833         0.12654         0.33295         0.11425         0.52115          0.2187             2.5               
         B         47        THR         0.20952         0.51321               0               0          1.4666               0          1.2336         0.32759          1.3617          0.3386          1.8162         0.75124            -0.7               
         B         53        SER               0               0               0               0               0               0          2.2092         0.52752          2.0614         0.35495           3.253          1.7065            -0.8               
         B         54        SER               0               0               0               0               0               0          1.2019         0.31418           1.503         0.13489          1.6379         0.76608            -0.8               
         B         55        TRP          1.8646          1.5754          2.3255          1.5895          4.5703               0         0.33588         0.31281         0.16567           0.111          1.1265               0            -0.9               
         B         56        ASP           0.166         0.43919               0               0           1.328               0          1.2241         0.34788           1.442         0.29168          1.6718         0.66718            -3.5               
         B         57        ASN         0.31923         0.55346               0               0          1.3259               0          0.6881         0.12826         0.70559          0.1629         0.96601         0.52115            -3.5               
         B         58        GLN         0.29939         0.56249               0               0          1.4571               0          1.5882          1.0316          2.3256         0.82713           3.434         0.54369            -3.5               
         B         59        CYS         0.92563          1.0448          2.1616         0.64474          2.8063               0         0.27894         0.14065         0.11565        0.068427         0.49926        0.047224             2.5               
         B         60        GLN         0.13696         0.38738               0               0          1.2326               0         0.83775         0.55837          1.2431         0.43565          1.7065          0.2864            -3.5               
         B         61        CYS          0.5464         0.77969         0.90959         0.90959          1.8192               0         0.38398         0.15273         0.24403        0.066645         0.66718         0.17739             2.5               
         B         62        THR         0.75059         0.91817               0               0          2.3959               0         0.90754         0.22409          1.1042         0.17068          1.3415         0.59082            -0.7               
         B         63        SER         0.66086         0.97104               0               0           2.439               0          1.2464         0.27939          1.6215        0.016487          1.6379         0.89452            -0.8               
         B         64        SER               0               0               0               0               0               0          1.2254         0.23855          1.0859        0.062576          1.5728          1.0233            -0.8               
         B        104        CYS         0.30287         0.67724         0.90861         0.90861          1.8172               0         0.60086        0.095934         0.48553        0.058153         0.72229         0.42738             2.5               
         B        105        ARG         0.11192         0.35393               0               0          1.2312               0          2.1167          1.5182           2.899          1.3886          5.3151         0.54369            -4.5               
         B        106        GLU         0.16199         0.45819               0               0          1.4579               0         0.74028         0.17393         0.64987         0.16811          1.0233         0.44721            -3.5               
         B        107        PRO         0.91623         0.86234          1.2801         0.97457          2.3625               0         0.54134          0.2482         0.29081        0.047059         0.87746         0.22587             1.6               
         B        108        PRO         0.17551          0.4299               0               0          1.2285               0          1.2468         0.28168          1.3955         0.30459          1.8162         0.84423             1.6               
         B        109        PRO         0.42845          0.6776               0               0          1.5267               0           1.667         0.28201          1.9679         0.12029          2.1104          1.2901             1.6               
         B        110        TRP         0.86795         0.94261          1.0824          0.9751          2.5966               0         0.44548         0.31109          0.2726         0.17524         0.89452        0.063253            -0.9               
         B        111        GLU         0.13786         0.38992               0               0          1.2407               0         0.81421         0.24738           0.977         0.19131          1.2652         0.45733            -3.5               
         B        112        ASN               0               0               0               0               0               0         0.39609        0.067412         0.37991        0.077674         0.48855         0.27851            -3.5               
         B        113        GLU         0.31914         0.59872               0               0          1.5306               0         0.67905         0.13786         0.71507         0.10527         0.84423         0.43722            -3.5               
         B        114        ALA               0               0               0               0               0               0          1.6136         0.37281          1.8548               0          2.0647         0.96601             1.8               
         B        115        THR               0               0               0               0               0               0          2.0093          0.4041          1.9282         0.38763          2.7214           1.605            -0.7               
         B        116        GLU               0               0               0               0               0               0          1.1334         0.22948          1.2299         0.13833          1.4809         0.72229            -3.5               
         B        117        ARG         0.11956          0.3781               0               0          1.3152               0         0.39619         0.11256         0.35767        0.089537         0.65395         0.26302            -4.5               
         B        118        ILE         0.80389         0.84774         0.37999         0.65815           2.253               0         0.27928         0.11138         0.35143        0.096699         0.45733          0.1085             4.5               
         B        119        TYR          1.0553         0.97364          1.2459          1.0404          2.4076               0         0.12679        0.045002         0.12444        0.052725         0.20461        0.026589            -1.3               
         B        120        HIS           2.256          1.1529          2.9186         0.82376          4.0727               0        0.021015         0.01923        0.023595        0.019596        0.063253               0            -3.2               
         B        121        PHE         0.93755         0.93221          1.0889            1.02          2.4455               0        0.010283        0.012497       0.0085547        0.011345        0.031671               0             2.8               
         B        122        VAL          1.3171          1.2057               0               0          2.9547               0         0.18961        0.095505         0.29073        0.046842         0.35323        0.063253             4.2               
         B        123        VAL          1.1203           1.072         0.50328         0.71174          2.6884               0         0.36569         0.11824          0.4443         0.10361         0.59082         0.19084             4.2               
         B        124        GLY          0.6681         0.67255               0               0          1.4455               0         0.56631        0.090421               0               0         0.65395         0.44721            -0.4               
         B        125        GLN           1.037         0.78208         0.85686         0.70772          2.2619               0         0.16858        0.065191         0.12192        0.041243          0.2864         0.07978            -3.5               
         B        126        MET          0.5255         0.68282         0.38154         0.66084          1.5262               0         0.41975         0.32945          0.6602         0.31803          1.1265         0.15776             1.9               
         B        127        VAL          2.2112          1.0731          1.3511          1.0374          3.3911               0         0.12633        0.067963         0.06117        0.040414         0.20461        0.016573             4.2               
         B        128        TYR         0.55556         0.82253         0.34685         0.60076          2.3927               0         0.80999          0.3785          1.0249         0.27349          1.5108          0.2864            -1.3               
         B        129        TYR          1.3929          1.0774          1.9072         0.86518           2.774               0         0.16279         0.10714         0.09036        0.027662         0.35323        0.047224            -1.3               
         B        130        GLN         0.54407         0.80847               0               0          2.2402               0         0.92362         0.48944          1.3016          0.3288          1.6718         0.38012            -3.5               
         B        131        CYS         0.44896         0.63808               0               0          1.4565               0         0.49912         0.18588         0.35511        0.092095         0.86069         0.26302             2.5               
         B        132        VAL         0.20788         0.50919               0               0          1.4551               0          1.0566         0.17716          1.1634         0.12736          1.3155         0.70818             4.2               
         B        133        GLN               0               0               0               0               0               0           3.539           1.973          4.9681          1.5456          7.0153          1.5108            -3.5               
         B        134        GLY               0               0               0               0               0               0          1.6968           0.146               0               0          1.8944          1.5414            -0.4               
         B        135        TYR          0.5633         0.83448         0.84496         0.89809          2.4293               0          1.2422         0.35856          1.3476         0.38849          2.1104         0.81215            -1.3               
         B        136        ARG         0.11194         0.35399               0               0          1.2313               0          1.5441         0.83463          1.9857         0.74366          3.0862         0.65395            -4.5               
         B        137        ALA         0.53635         0.66073               0               0          1.4533               0         0.84388         0.21118         0.75124               0           1.217         0.64093             1.8               
         B        138        LEU         0.37412         0.64822         0.38269         0.66284          1.5308               0           1.593         0.42045          1.8678          0.3727          2.2562         0.96601             3.8               
         B        139        HIS         0.25522         0.51096               0               0          1.3278               0          1.3953         0.31067          1.5921         0.18944          1.8162         0.78118            -3.2               
         B        140        ARG               0               0               0               0               0               0          1.5536         0.70423          1.7529          0.8144          3.5304          1.0431            -4.5               
         B        141        GLY         0.33321         0.57714               0               0          1.3328               0          1.0598         0.18195               0               0          1.2408         0.79653            -0.4               
         B        142        PRO         0.50754         0.83798               0               0          2.2278               0           1.008         0.31976           1.273         0.19102          1.5108         0.54369             1.6               
         B        143        ALA         0.29055         0.58111               0               0          1.4528               0         0.33663         0.10449          0.3445               0         0.53233         0.23312             1.8               
         B        144        GLU         0.31688         0.59496               0               0          1.5327               0         0.57402         0.31534         0.81906          0.2074           1.105         0.22587            -3.5               
         B        145        SER           1.529         0.80798          1.9841         0.45067          2.4347               0         0.13427        0.026711         0.10619        0.026408         0.16423         0.07978            -0.8               
         B        146        VAL          1.3353          1.2189               0               0           2.973               0         0.37904          0.1548         0.55227         0.03748         0.57877         0.18408             4.2               
         B        147        CYS          2.3731          1.1689         0.91004         0.91004          3.2764               0         0.16973        0.089181        0.074471        0.016616         0.32737        0.057855             2.5               
         B        148        LYS          1.2406           1.265         0.30459         0.60917          3.6312               0         0.88183         0.47874          1.2228         0.38331          1.8548         0.38932            -3.9               
         B        149        MET         0.37105         0.64283         0.37787         0.65449          1.5115               0          1.0224         0.32745          1.0565         0.30111          1.5728         0.61548             1.9               
         B        150        THR         0.18965         0.46454               0               0          1.3275               0          1.7141         0.24263          1.6358         0.15031          2.0203          1.3155            -0.7               
         B        151        HIS               0               0               0               0               0               0          4.1741          1.6437          5.1986          1.3596          7.3359          2.3079            -3.2               
         B        152        GLY               0               0               0               0               0               0          1.9046         0.49347               0               0          2.4733           1.217            -0.4               
         B        153        LYS               0               0               0               0               0               0          1.3135         0.29648          1.4486         0.18767          1.7065         0.78118            -3.9               
         B        154        THR         0.61346         0.71003         0.47809         0.67612          1.5211               0         0.43132         0.10812         0.31965        0.030179         0.60306         0.29439            -0.7               
         B        155        ARG         0.58329         0.80472         0.21658         0.53052          2.2464               0         0.87751         0.51255          1.1786         0.40271          1.7421         0.29439            -4.5               
         B        156        TRP          1.1217          0.9483          1.3021         0.98098          2.8419               0         0.14993         0.17366        0.058043        0.049099         0.62811               0            -0.9               
         B        157        THR          0.7166         0.86869               0               0           2.238               0         0.47251         0.12001         0.55332          0.1227         0.70818         0.31897            -0.7               
         B        158        GLN         0.16037         0.45358               0               0          1.4433               0         0.81454         0.13976         0.92391        0.052343         0.98474         0.60306            -3.5               
         B        159        PRO          1.2695         0.91421          2.1091         0.41125          2.4243               0         0.38849         0.14461         0.24427        0.041268         0.60306         0.21161             1.6               
         B        160        GLN         0.29838         0.56099               0               0          1.4609               0          1.1435          0.5354          1.5431         0.39077          2.2061         0.55521            -3.5               
         B        161        LEU          1.1435         0.97991          1.6139          1.0091          2.4997               0         0.24112        0.072335         0.18168        0.057029         0.31897          0.1326             3.8               
         B        162        ILE         0.82079         0.85806         0.38131         0.66046          2.2419               0         0.67193         0.29775         0.92456         0.21001          1.2652         0.30248             4.5               
         B        163        CYS         0.99309          1.0338          2.2456         0.21342           2.459               0         0.49779         0.15591         0.33083        0.067813         0.69429         0.26302             2.5               
         B        164        THR         0.36644         0.57999               0               0          1.3318               0          1.3469         0.34917          1.6711         0.24956          2.0203         0.82805            -0.7               
         B        165        GLY               0               0               0               0               0               0          1.8202         0.10496               0               0          1.8944          1.6718            -0.4               
