pdb_id: 2KBH
analysis type: bound
radii_file: C:\Users\choi\Desktop\PSAIA_output\amac_data\chothia.radii
ASA_zSice: 0.25
ASA_rSolvent: 1.4
CX_sRadius: 10
CX_vAtom: 20.1
radii_file: C:\Users\choi\Desktop\PSAIA_output\amac_data\hydrophobicity.hpb

  chain id|    res id|  res name|    average DPX|      s_avg DPX|   s-ch avg DPX| s-ch s_avg DPX|        max DPX|        min DPX|     average CX|       s_avg CX|    s-ch avg CX|  s-ch s_avg CX|         max CX|         min CX| Hydrophobicity|               
         A          1        VAL         0.43969         0.68812         0.39362         0.71455          2.1231               0         0.14385         0.14292           0.133         0.14531         0.48855               0             4.2               
         A          2        LYS          1.0623          1.0134         0.83961          0.9312          3.1151               0        0.068407         0.11512        0.083609         0.12218         0.33588               0            -3.9               
         A          3        ASP          1.1272         0.95064          1.1498          1.0342          2.9117               0        0.017843        0.052338        0.026765         0.06221         0.19084               0            -3.5               
         A          4        GLY          1.8056         0.94093          1.4884          1.1216          3.0254               0               0               0               0               0               0               0            -0.4               
         A          5        TYR          1.7988          1.1265          1.7491          1.2002          3.6825               0               0               0               0               0               0               0            -1.3               
         A          6        ILE           2.144          1.0098          2.0068          1.0521          3.6004               0               0               0               0               0               0               0             4.5               
         A          7        ALA         0.74827         0.80746         0.82973         0.88546          2.1353               0               0               0               0               0               0               0             1.8               
         A          8        ASP          0.5614         0.69964         0.54104         0.74017          1.9999               0        0.023573        0.050166        0.034515        0.058408         0.18408               0            -3.5               
         A          9        ASP         0.19258         0.43172               0               0          1.2307               0         0.57144         0.32398         0.72764         0.28438          1.0233          0.1326            -3.5               
         A         10        ARG          1.1066         0.94507         0.89307          0.8916          2.3504               0         0.53203         0.34543         0.61725         0.31343          1.2652       0.0067513            -4.5               
         A         11        ASN         0.89672         0.91779         0.56323         0.75884          2.7265               0       0.0023814       0.0069341        0.003334       0.0080087        0.026589               0            -3.5               
         A         12        CYS          1.5775          1.1209         0.97735          1.0713          2.8776               0               0               0               0               0               0               0             2.5               
         A         13        PRO          1.4192          1.0528          1.4122          1.0963          3.0817               0               0               0               0               0               0               0             1.6               
         A         14        TYR           1.131          1.1703          0.9223          1.1727           2.946               0        0.040854        0.087896        0.050466        0.095176         0.30248               0            -1.3               
         A         15        PHE         0.42081         0.85624         0.27734         0.73439          2.4528               0          0.2115          0.1457         0.26174         0.11759         0.44721               0             2.8               
         A         16        CYS         0.91014         0.83698         0.91047         0.98917          2.3833               0       0.0026589       0.0079766       0.0044315       0.0099091        0.026589               0             2.5               
         A         17        GLY         0.15422         0.37775               0               0          1.0795               0        0.055613        0.075805        0.038142        0.053941         0.21161               0            -0.4               
         A         18        ARG         0.47472         0.81499         0.20505         0.51292          2.8836               0         0.89092         0.75602          1.0556         0.72253          2.5931               0            -4.5               
         A         19        ASN          0.6392         0.90424           0.214           0.642          2.2996               0             0.3         0.16558         0.36875         0.14311          0.5669        0.021556            -3.5               
         A         20        ALA         0.20609         0.41281               0               0          1.0812               0         0.44224         0.25858          0.6062         0.18972         0.86069        0.047224             1.8               
         A         21        TYR         0.40369         0.66485          0.2846         0.63624          1.9991               0         0.27259         0.30346          0.3227         0.31543          1.2652               0            -1.3               
         A         22        CYS          3.2251         0.62049           3.538         0.57601          4.1857          2.2492               0               0               0               0               0               0             2.5               
         A         23        ASP          1.2926          1.1651         0.74729           1.044          2.8253               0        0.085822         0.10262         0.12873         0.10135         0.31068               0            -3.5               
         A         24        GLY         0.47016         0.54706               0               0          1.2306               0        0.074402        0.079326         0.13127        0.086618         0.22587               0            -0.4               
         A         25        GLU         0.57086         0.87156         0.25798           0.566           2.511               0        0.010091        0.037758        0.013761        0.043515         0.15137               0            -3.5               
         A         26        CYS          3.3918         0.62724           3.585         0.57363          4.2637          2.6298               0               0               0               0               0               0             2.5               
         A         27        LYS         0.65013         0.80843         0.55156         0.79092          2.8105               0         0.45632         0.52944         0.54915           0.543          1.8944               0            -3.9               
         A         28        LYS          0.5502         0.72775         0.42951         0.66889          2.3728               0         0.90476         0.81935          1.0604         0.82851          3.0862        0.052513            -3.9               
         A         29        ASN          1.1925         0.97828         0.92955          1.0076          2.5551               0       0.0011838       0.0042683       0.0016573        0.004972        0.016573               0            -3.5               
         A         30        ARG         0.22083         0.43086         0.16197         0.38557            1.08               0          0.5485         0.50728          0.6582          0.4864          1.6379               0            -4.5               
         A         31        ALA          1.4155          1.0495          1.9576         0.92416          2.9197               0               0               0               0               0               0               0             1.8               
         A         32        GLU         0.40848         0.59956         0.34709         0.59483          1.7579               0         0.16769         0.22026         0.22867          0.2285         0.59082               0            -3.5               
         A         33        SER          1.0767          1.1133         0.55537         0.99227           2.812               0        0.024164        0.041721        0.037972        0.047021         0.12647               0            -0.8               
         A         34        GLY          1.4122          1.1009          1.8524          1.3154          2.9263               0               0               0               0               0               0               0            -0.4               
         A         35        TYR         0.74741           1.131         0.36921         0.86678          3.1376               0         0.02428        0.053363        0.029993        0.057847         0.20461               0            -1.3               
         A         36        CYS          1.6575           1.001          1.7664         0.99066          3.0181               0               0               0               0               0               0               0             2.5               
         A         37        GLN         0.99814          1.1424         0.67014          1.0438          3.1147               0        0.051071        0.085028        0.066785        0.091678         0.25541               0            -3.5               
         A         38        TRP         0.58486         0.82567         0.51509         0.85048          2.5743               0         0.51557         0.52356         0.59885         0.53555          1.9352               0            -0.9               
         A         39        ALA         0.32915         0.50595               0               0          1.2308               0         0.77331         0.30108         0.95121         0.26481          1.2408         0.44721             1.8               
         A         40        SER         0.59774         0.82909         0.78507         0.92671          2.0397               0         0.31648         0.16721         0.26189         0.18566         0.57877        0.041988            -0.8               
         A         41        LYS         0.34857         0.51127         0.29767         0.48005          1.2312               0         0.58181         0.29686         0.62278         0.31099          1.3682         0.19084            -3.9               
         A         42        TYR          1.2489           1.087          1.0723          1.0969          3.0172               0       0.0060082        0.015064       0.0043329        0.011997        0.052513               0            -1.3               
         A         43        GLY          0.9269         0.92059               0               0          2.3025               0        0.097096        0.074217         0.16551        0.038957          0.2187               0            -0.4               
         A         44        ASN          1.2779          1.1887         0.75164         0.98027          3.0873               0        0.084048        0.096118         0.11767        0.094753         0.29439               0            -3.5               
         A         45        ALA          4.6503         0.45591          4.5143         0.45833          5.3128          4.0174               0               0               0               0               0               0             1.8               
         A         46        CYS          4.6617         0.43239          4.7218         0.32967           5.246          3.8267               0               0               0               0               0               0             2.5               
         A         47        TRP          1.1955          1.2887         0.81319          1.0048          4.0953               0       0.0039904        0.015262       0.0047885        0.016604        0.074214               0            -0.9               
         A         48        CYS           3.956         0.36136          3.9836         0.36733          4.5047          3.4464               0               0               0               0               0               0             2.5               
         A         49        TYR         0.90948          1.1293         0.53286          0.9013          2.9275               0         0.16336         0.25458          0.2018         0.26889         0.86069               0            -1.3               
         A         50        LYS          1.2063          1.0866         0.92683         0.99893          3.2873               0         0.22264         0.25031         0.27211         0.25123         0.82805               0            -3.9               
         A         51        LEU          2.6261          1.0171          2.5177          1.0766          4.0069               0               0               0               0               0               0               0             3.8               
         A         52        PRO          1.2452         0.89987          1.0658          0.9598           2.305               0        0.016424        0.033523        0.022994        0.037713          0.1085               0             1.6               
         A         53        ASP         0.28247         0.49053         0.13502         0.35722          1.2299               0         0.51698         0.27622         0.61528         0.27673          1.1265         0.12647            -3.5               
         A         54        ASP         0.36419         0.51762         0.13498         0.35713          1.2305               0          0.6576         0.43377         0.83379         0.43119          1.5414         0.20461            -3.5               
         A         55        ALA          1.3417          1.0307         0.87475          0.9546          3.0219               0       0.0016573        0.004972               0               0        0.016573               0             1.8               
         A         56        ARG         0.50271         0.78977         0.38686         0.74451          2.7321               0          0.4029         0.50365         0.48348          0.5152          1.5728               0            -4.5               
         A         57        ILE          1.0819          1.0966          1.1607          1.1387          2.7771               0               0               0               0               0               0               0             4.5               
         A         58        MET          1.0379         0.97784           1.104           1.077          2.6459               0               0               0               0               0               0               0             1.9               
         A         59        LYS          0.7918         0.89874         0.52128         0.71003          2.7617               0         0.35837         0.40349         0.43503         0.40816          1.2652               0            -3.9               
         A         60        PRO         0.54742          0.6789         0.32383         0.49466          2.1144               0          0.5921         0.22475         0.64487         0.23067         0.98474         0.26302             1.6               
         A         61        GLY         0.14001         0.34295               0               0         0.98006               0         0.56361         0.14679         0.62063         0.19843         0.82805         0.35323            -0.4               
         A         62        ARG         0.22079         0.43079         0.16197         0.38557          1.0802               0          1.3365         0.73544          1.5393         0.63146          2.6561         0.13878            -4.5               
         A         63        CYS         0.77183         0.86627         0.56517         0.87468          2.3109               0         0.22914         0.17607         0.17194         0.16666          0.5669               0             2.5               
         A         64        ASN         0.47659         0.81985          0.3529         0.76945          2.4497               0         0.37268         0.18502         0.34011         0.19003         0.65395         0.11443            -3.5               
         A         65        GLY               0               0               0               0               0               0          1.1161         0.21562          1.1896         0.27995          1.5728         0.86069            -0.4               
         A         66        GLY               0               0               0               0               0               0          1.8184         0.29228          2.1163         0.30009          2.4164          1.5414            -0.4               
