pdb_id: 2KYH
analysis type: bound
radii_file: C:\Users\choi\Desktop\PSAIA_output\amac_data\chothia.radii
ASA_zSice: 0.25
ASA_rSolvent: 1.4
CX_sRadius: 10
CX_vAtom: 20.1
radii_file: C:\Users\choi\Desktop\PSAIA_output\amac_data\hydrophobicity.hpb

  chain id|    res id|  res name|    average DPX|      s_avg DPX|   s-ch avg DPX| s-ch s_avg DPX|        max DPX|        min DPX|     average CX|       s_avg CX|    s-ch avg CX|  s-ch s_avg CX|         max CX|         min CX| Hydrophobicity|               
         A          5        LEU         0.20369         0.41998         0.12696         0.34768          1.0803               0          2.7554         0.90974          2.9861         0.85984          4.4841          1.3415             3.8               
         A          6        ARG         0.27211         0.47274         0.16192         0.38544          1.2315               0          2.8258          1.5058          3.0976          1.5091          5.9466          1.2652            -4.5               
         A          7        GLY         0.15431         0.37799               0               0          1.0802               0          1.3968         0.11248          1.4153         0.15722          1.5414          1.1937            -0.4               
         A          8        LEU         0.28715         0.48225         0.14424         0.36774          1.2314               0          2.1717         0.63562          2.3765          0.5543           3.434          1.2408             3.8               
         A          9        SER         0.39701         0.52801         0.15382         0.37678          1.2317               0         0.93904         0.35742         0.77034         0.33946          1.4517         0.40809            -0.8               
         A         10        ASP         0.36446         0.51806         0.13503         0.35726          1.2323               0         0.91968          0.1861           1.014         0.12174           1.217         0.53233            -3.5               
         A         11        LEU         0.75708         0.78924          0.6708          0.7761          2.2111               0          0.3459         0.15066          0.3243         0.15744         0.65395        0.068705             3.8               
         A         12        GLY         0.91265         0.90459               0               0          2.3319               0          0.4126         0.12319         0.48396            0.14         0.66718         0.29439            -0.4               
         A         13        GLY         0.29438         0.46621               0               0          1.0799               0         0.44813         0.12249         0.55595        0.033841         0.59082         0.26302            -0.4               
         A         14        ARG         0.51154         0.78915         0.26193         0.55352          2.5029               0         0.29399         0.16119         0.33389         0.14102         0.59082       0.0067513            -4.5               
         A         15        VAL         0.94711          1.1196         0.46289         0.85071          2.6249               0               0               0               0               0               0               0             4.2               
         A         16        ARG         0.61902         0.86597         0.37736         0.71545          2.5452               0           0.787         0.56873         0.91062         0.54386          2.1104        0.068705            -4.5               
         A         17        ASN         0.77875          0.9638         0.32866         0.70406          2.3441               0         0.36877          0.1683          0.4405         0.14388         0.70818         0.12647            -3.5               
         A         18        ILE          1.3761           1.047           1.081         0.98594          2.6238               0        0.040683        0.065568        0.050427        0.070576         0.21161               0             4.5               
         A         19        GLY         0.68617         0.82986         0.70612          0.9986          2.1183               0       0.0052577        0.012879               0               0        0.036804               0            -0.4               
         A         20        ASP         0.29344         0.50945         0.15197         0.40206            1.23               0         0.28209         0.12615         0.34128         0.11286         0.52115          0.1085            -3.5               
         A         21        VAL         0.85968          1.0201         0.49269          0.8676          2.5354               0         0.26623          0.1478          0.3195         0.13212         0.53233        0.063253             4.2               
         A         22        MET          1.2086         0.89081         0.99393         0.87642          2.6217               0               0               0               0               0               0               0             1.9               
         A         23        GLU         0.93792          0.9697          0.5874         0.85799          2.5429               0          0.1068         0.11326         0.13361         0.11986         0.38012               0            -3.5               
         A         24        HIS         0.60934         0.99261          0.1722         0.59652          2.8264               0         0.41268         0.32096         0.49978         0.31923          1.1265        0.031671            -3.2               
         A         25        PRO         0.54618         0.67617         0.32402         0.49495          2.0976               0         0.35504         0.11609         0.39882         0.10712         0.59082         0.16423             1.6               
         A         26        LEU         0.79937         0.91889         0.63774         0.85317          2.2917               0         0.63618         0.27307         0.73002          0.2236          1.1937         0.15776             3.8               
         A         27        VAL          1.0446         0.99404         0.75046         0.94125          2.4796               0        0.021714        0.044981         0.02024        0.045151         0.14504               0             4.2               
         A         28        GLU         0.95102         0.98931         0.58719         0.85734          2.5381               0        0.013802        0.032583        0.018821        0.036786         0.11443               0            -3.5               
         A         29        LEU         0.63194         0.89647          0.2816         0.59989          2.5117               0         0.18297         0.19437         0.22433         0.19897         0.59082               0             3.8               
         A         30        GLY         0.48666         0.78067         0.64993         0.91914          1.9498               0         0.03121        0.029731        0.053202        0.026765         0.07978               0            -0.4               
         A         31        VAL         0.94925         0.80305          0.7306         0.78085          2.1341               0               0               0               0               0               0               0             4.2               
         A         32        SER         0.81426         0.86218         0.65295         0.88614          2.5269               0               0               0               0               0               0               0            -0.8               
         A         33        TYR           0.492           0.917         0.14872         0.59489          2.5283               0         0.29179         0.35233         0.36044         0.35861          1.2652               0            -1.3               
         A         34        ALA          1.2665         0.93166         0.82842         0.88356           2.536               0               0               0               0               0               0               0             1.8               
         A         35        ALA          2.2666         0.98222          2.2971          1.0841           3.497               0               0               0               0               0               0               0             1.8               
         A         36        LEU          1.5615          1.3236          1.1862          1.2256          3.6641               0        0.021459        0.043602        0.027182        0.047462          0.1326               0             3.8               
         A         37        LEU          1.3051          1.1751         0.96164          1.0647          3.5244               0        0.046243        0.070742        0.058574        0.074944         0.24789               0             3.8               
         A         38        SER          1.7276          1.1954          1.1598          1.1212          3.3192               0               0               0               0               0               0               0            -0.8               
         A         39        VAL          1.9788          1.0653          1.7453          1.1355          3.1129               0               0               0               0               0               0               0             4.2               
         A         40        ILE          1.1468          1.0744         0.79518         0.93172          2.6522               0        0.013385        0.032442        0.016954        0.035674         0.12647               0             4.5               
         A         41        VAL          1.5488          1.0241          1.1929         0.94356          2.6839               0               0               0               0               0               0               0             4.2               
         A         42        VAL          1.8289           1.053           1.787          1.1729          3.4372               0               0               0               0               0               0               0             4.2               
         A         43        VAL          1.5827          1.2307          1.2087          1.1909          3.5231               0       0.0049309        0.013333       0.0065746         0.01504        0.047224               0             4.2               
         A         44        VAL          1.2658         0.95321          1.0373         0.95303          2.5184               0      0.00042196       0.0016342      0.00056261        0.001866       0.0067513               0             4.2               
         A         45        GLU          1.1469          1.1711         0.63907         0.94002           2.693               0               0               0               0               0               0               0            -3.5               
         A         46        TYR         0.58385         0.80938         0.46325          0.7777          2.5579               0        0.033806        0.081324        0.041363        0.088701         0.31897               0            -1.3               
         A         47        THR         0.68564         0.75913         0.52186         0.70406          2.1092               0         0.19962         0.13398         0.19324         0.12364         0.43722               0            -0.7               
         A         48        MET         0.73132         0.92414         0.37894         0.72008          2.3488               0          0.3075         0.21374          0.3606         0.21308         0.84423       0.0067513             1.9               
         A         49        GLN         0.35197         0.56689         0.30186         0.57237           1.763               0         0.47835         0.32267         0.55933         0.32802          1.3682        0.047224            -3.5               
         A         50        LEU         0.95305         0.97959          1.0468          1.0369          2.7043               0        0.082801        0.089336         0.07464        0.098259         0.24789               0             3.8               
         A         51        SER         0.42259          0.7382               0               0          2.2445               0         0.50907         0.23702         0.64261         0.16447         0.89452        0.091087            -0.8               
         A         52        GLY         0.17551         0.42991               0               0          1.2286               0          0.4313         0.17134         0.53584         0.17646         0.66718         0.17739            -0.4               
         A         53        GLU         0.51667         0.80402         0.19623         0.41627          2.3698               0         0.54475         0.22961         0.64766         0.16607         0.94764         0.12042            -3.5               
         A         54        TYR          1.2704          1.3023         0.86562          1.0989           3.396               0         0.33877          0.3773         0.40549         0.38875          1.2901               0            -1.3               
         A         55        LEU          1.8431          1.0183           1.624          1.0203          3.2973               0      0.00035533       0.0015075      0.00045009       0.0016841       0.0067513               0             3.8               
         A         56        VAL         0.68202         0.93794         0.28128         0.67596          2.2942               0         0.18164         0.15815         0.24122         0.13836         0.49926               0             4.2               
         A         57        ARG         0.50707          0.8501         0.22464          0.5819          2.3964               0         0.36496         0.38854         0.43796         0.38625          1.3954               0            -4.5               
         A         58        LEU          1.6894          1.1144           1.383          1.0585          3.0534               0               0               0               0               0               0               0             3.8               
         A         59        TYR         0.57626          0.8806          0.2531         0.58626          2.5172               0               0               0               0               0               0               0            -1.3               
         A         60        LEU         0.83914          1.0453         0.43894         0.78626          2.5177               0          0.1284         0.14231         0.16264         0.14172         0.48855               0             3.8               
         A         61        VAL          1.0333         0.98017         0.72629         0.89966          2.5253               0       0.0050603         0.01793       0.0067471        0.020427        0.074214               0             4.2               
         A         62        ASP          1.5605           1.214         0.98301          1.0709          3.1167               0               0               0               0               0               0               0            -3.5               
         A         63        LEU           1.253          1.2073         0.82323         0.94873          3.4205               0        0.024716        0.054657        0.031306        0.059814         0.17739               0             3.8               
         A         64        ILE          1.2367          1.1686         0.83196         0.96442          3.2434               0         0.09652         0.11134         0.12226         0.11205         0.31068               0             4.5               
         A         65        LEU          2.1694           1.294          1.7808          1.1138          4.5283               0               0               0               0               0               0               0             3.8               
         A         66        VAL          1.7347          1.1959          1.3554          1.1382          3.5022               0               0               0               0               0               0               0             4.2               
         A         67        ILE         0.77803         0.90916         0.69263         0.93082           2.798               0         0.10063          0.1071         0.12746          0.1054         0.31897               0             4.5               
         A         68        ILE          1.1263         0.96057         0.91638         0.94596          2.4427               0        0.018075        0.040754        0.022895        0.044648         0.15776               0             4.5               
         A         69        LEU          1.9587          1.1209          2.0365          1.0839          3.5085               0               0               0               0               0               0               0             3.8               
         A         70        TRP          1.0619           1.127         0.80713           1.063          2.9988               0        0.025998         0.06898        0.031198        0.074483         0.31068               0            -0.9               
         A         71        ALA         0.66864         0.88404         0.38344         0.85741          2.3007               0         0.01134        0.028922          0.0189        0.035372        0.096829               0             1.8               
         A         72        ASP         0.92939          1.0125          0.4198         0.78652          2.5094               0               0               0               0               0               0               0            -3.5               
         A         73        TYR         0.94937         0.91631          0.7128         0.82246          2.5244               0               0               0               0               0               0               0            -1.3               
         A         74        ALA          1.1223          1.0198         0.60056         0.94608          2.5236               0               0               0               0               0               0               0             1.8               
         A         75        TYR         0.92836         0.96884          0.8889          1.0115          2.7284               0        0.038049        0.072108        0.047002        0.077473         0.27072               0            -1.3               
         A         76        ARG         0.84569          1.0778         0.56179         0.94509           3.116               0               0               0               0               0               0               0            -4.5               
         A         77        ALA          1.8301          1.0452          1.3222           1.063           2.802               0               0               0               0               0               0               0             1.8               
         A         78        TYR         0.45807         0.85006         0.25902         0.70963          2.4525               0         0.34613         0.33298         0.41096         0.33749           1.084               0            -1.3               
         A         79        LYS         0.61951         0.73604         0.51452         0.69403          2.1405               0        0.059764         0.11659        0.073045         0.12508         0.48855               0            -3.9               
         A         80        SER         0.68013         0.83474          0.7745         0.95825          2.2959               0        0.001058       0.0033458               0               0        0.011638               0            -0.8               
         A         81        GLY         0.46984         0.54674               0               0          1.2312               0           0.245         0.15399         0.22572         0.16697         0.42738               0            -0.4               
         A         82        ASP         0.94992          1.0418         0.44055         0.83629          2.5768               0         0.16877         0.12655         0.20208         0.12906         0.41767               0            -3.5               
         A         83        PRO         0.90768         0.88671         0.50175         0.64308          2.5125               0         0.14772          0.1507         0.20048         0.14748         0.46759               0             1.6               
         A         84        ALA         0.65537         0.89844               0               0          2.5044               0         0.40117         0.25577         0.55028           0.225         0.82805         0.11443             1.8               
         A         85        GLY         0.13997         0.34285               0               0         0.97977               0         0.11312        0.072538          0.1649        0.027722         0.19084               0            -0.4               
         A         86        TYR          1.4743          1.1331          1.4856          1.1671          3.4024               0               0               0               0               0               0               0            -1.3               
         A         87        VAL         0.94438         0.93548         0.61607         0.80455          2.4503               0       0.0014578       0.0042297       0.0019437       0.0047864        0.016573               0             4.2               
         A         88        LYS         0.81697         0.92795         0.66571         0.83974          2.6178               0          0.5573          0.4087          0.6596         0.38177          1.3954               0            -3.9               
         A         89        LYS         0.63319         0.76558         0.53007          0.7324          2.4221               0        0.084535        0.094628        0.087749         0.10101         0.32737               0            -3.9               
         A         90        THR          1.7141         0.86014          1.4175         0.83287          2.9116               0               0               0               0               0               0               0            -0.7               
         A         91        LEU          0.8171          1.0205         0.63663         0.94907          2.6064               0         0.19655          0.1596         0.23981         0.15235         0.55521               0             3.8               
         A         92        TYR         0.31414         0.68315          0.1301         0.52039          2.2117               0         0.21346         0.12396         0.24722         0.10809         0.53233               0            -1.3               
         A         93        GLU          1.2635          1.1324          1.0066          1.1797          2.9375               0               0               0               0               0               0               0            -3.5               
         A         94        ILE          0.9675          1.0351         0.57001         0.77079          2.7116               0               0               0               0               0               0               0             4.5               
         A         95        PRO          1.3231          0.9659         0.90697         0.82418          2.6376               0               0               0               0               0               0               0             1.6               
         A         96        ALA          1.5682         0.93131          1.6193         0.88567          2.5918               0               0               0               0               0               0               0             1.8               
         A         97        LEU          1.1543         0.89586          1.1686         0.93195          2.6397               0               0               0               0               0               0               0             3.8               
         A         98        VAL          1.1043         0.83302          1.1684         0.90199          2.4289               0               0               0               0               0               0               0             4.2               
         A         99        PRO         0.76774         0.85562         0.32381         0.49462          2.3204               0               0               0               0               0               0               0             1.6               
         A        100        ALA         0.43697         0.53814         0.18002         0.40254          1.2293               0               0               0               0               0               0               0             1.8               
         A        101        GLY         0.95522         0.91767         0.76638          1.0838          2.2991               0       0.0090361        0.022134               0               0        0.063253               0            -0.4               
         A        102        LEU         0.63691         0.88677          0.4347         0.74771          2.5046               0         0.15209         0.13982         0.17995          0.1443         0.46759               0             3.8               
         A        103        LEU          1.1236         0.97168         0.89499         0.91265          2.8233               0               0               0               0               0               0               0             3.8               
         A        104        ALA         0.61315         0.64421         0.47337          0.6979          1.7617               0       0.0085297        0.014744       0.0069979        0.015648        0.041988               0             1.8               
         A        105        LEU         0.51676         0.73365         0.36231         0.65071          2.1968               0         0.39993         0.26579         0.47023         0.25655          1.0431         0.10263             3.8               
         A        106        ILE          1.0317         0.97776         0.78591         0.92077          2.5273               0        0.054638        0.070124        0.064247        0.075107         0.23312               0             4.5               
         A        107        GLU          1.3692          1.0914          1.0267          1.0777          3.0293               0               0               0               0               0               0               0            -3.5               
         A        108        GLY         0.14001         0.34296               0               0          0.9801               0         0.10178        0.078739         0.11986        0.095286         0.23312               0            -0.4               
         A        109        HIS          0.1359         0.37305               0               0          1.2301               0         0.37308         0.28993         0.44699         0.29245          1.0431        0.047224            -3.2               
         A        110        LEU          1.6882          1.1279          1.4334           1.134          3.4645               0       0.0060288        0.017576       0.0055251        0.018437        0.074214               0             3.8               
         A        111        ALA         0.97248          1.0305         0.75294          1.0672          2.4474               0        0.096595        0.095722        0.075364         0.07183         0.29439               0             1.8               
         A        112        GLY          0.7254         0.88544         0.63942         0.90428            2.08               0          0.4989          0.2114         0.45105         0.19918         0.82805         0.17077            -0.4               
         A        113        LEU         0.32018         0.55376         0.33369         0.57397          1.7625               0         0.65639         0.24152          0.6798         0.26068          1.1265         0.24789             3.8               
         A        114        GLY         0.65093          0.7841         0.66596         0.94181          1.9979               0         0.46048         0.15922         0.54922         0.20266         0.76608         0.27851            -0.4               
         A        115        LEU          1.1285          1.1371         0.87709          1.0947          3.1179               0         0.14779          0.1177          0.1709         0.11799         0.40809               0             3.8               
         A        116        PHE         0.48051         0.88197         0.13417         0.51963          2.5053               0         0.32163         0.29537         0.40131         0.27804           1.084               0             2.8               
         A        117        ARG         0.53524         0.82249         0.25169         0.52206           2.521               0         0.74773         0.68688         0.88861         0.66834          2.4164               0            -4.5               
         A        118        LEU         0.88545         0.91706         0.73282         0.84344          2.4581               0         0.05092         0.10185        0.064498         0.11074         0.38012               0             3.8               
         A        119        VAL          1.3479          1.0453         0.97379         0.93273          2.8419               0               0               0               0               0               0               0             4.2               
         A        120        ARG         0.82334          1.0575         0.48545         0.80484          2.6971               0         0.40282         0.43704         0.48338         0.43619          1.4517               0            -4.5               
         A        121        LEU         0.61209         0.77766         0.48258         0.73531          2.2359               0         0.15006         0.16477         0.19008         0.16365         0.57877               0             3.8               
         A        122        LEU          1.0962         0.91027         0.86766         0.85155          2.5311               0               0               0               0               0               0               0             3.8               
         A        123        ARG         0.80652          1.0312         0.57602         0.94848          2.8168               0         0.15187          0.2318         0.18225         0.24278         0.82805               0            -4.5               
         A        124        PHE         0.77679          1.0999         0.35533         0.78325          2.7288               0         0.19196         0.22122         0.23995         0.22284         0.73665               0             2.8               
         A        125        LEU           1.111           1.048         0.74179         0.85531          2.7268               0               0               0               0               0               0               0             3.8               
         A        126        ARG          1.1831          1.1107         0.84791         0.86525           3.405               0               0               0               0               0               0               0            -4.5               
         A        127        ILE            1.42          1.3163          1.0339          1.1876          3.7929               0        0.024935        0.043728        0.031584        0.047032         0.14504               0             4.5               
         A        128        LEU           1.019          1.1272         0.62944         0.93675          2.6533               0         0.11926         0.15504         0.15106         0.16013         0.52115               0             3.8               
         A        129        LEU          1.6744         0.88696          1.6002         0.94564           3.025               0               0               0               0               0               0               0             3.8               
         A        130        ILE          1.5509          1.0737          1.2873          1.0564          3.0272               0               0               0               0               0               0               0             4.5               
         A        131        ILE         0.52056           0.742         0.36685         0.66327           2.262               0         0.18754         0.18369         0.23755         0.17567         0.52115               0             4.5               
         A        132        SER         0.89014         0.91152         0.77261         0.97757          2.5705               0               0               0               0               0               0               0            -0.8               
         A        133        ARG          2.5473          1.1493          2.5323          1.2543          4.4192               0               0               0               0               0               0               0            -4.5               
         A        134        GLY          1.3974         0.96402         0.75174          1.0631          2.3614               0               0               0               0               0               0               0            -0.4               
         A        135        SER         0.61188         0.90452               0               0          2.5356               0         0.14235         0.12214         0.18628         0.12947         0.40809               0            -0.8               
         A        136        LYS         0.79743         0.80824         0.73089         0.80789          2.5082               0               0               0               0               0               0               0            -3.9               
         A        137        PHE         0.71003         0.94389         0.39966         0.74965          2.5116               0        0.048612         0.10297        0.060765         0.11187         0.33588               0             2.8               
         A        138        LEU         0.87819          1.1029         0.44471         0.79783          2.6514               0         0.33122         0.17695         0.37674         0.16622         0.62811               0             3.8               
         A        139        SER         0.89928          1.0368         0.29626         0.72568          2.5265               0         0.13769         0.10118         0.15352         0.11613         0.31068               0            -0.8               
         A        140        ALA           1.044         0.93934         0.46116         0.67564          2.3802               0               0               0               0               0               0               0             1.8               
         A        141        ILE          1.1935          1.1071         0.82252         0.94787          2.6361               0         0.14194         0.12364         0.15466         0.13305         0.40809               0             4.5               
         A        142        ALA         0.68596         0.91761          0.4144         0.92664          2.4864               0         0.31852        0.085237         0.35615        0.088037         0.48855         0.20461             1.8               
         A        143        ASP         0.92686           1.008         0.42638         0.80197          2.4274               0          0.2287        0.064793         0.22356        0.077419         0.37104        0.091087            -3.5               
         A        144        ALA          1.1128           1.007         0.57817           0.901            2.39               0         0.11505        0.099515        0.046451        0.049479         0.29439               0             1.8               
         A        145        ALA         0.96086          1.0123         0.40157         0.89793          2.4094               0         0.30694        0.074464         0.30534        0.082904         0.41767         0.14504             1.8               
         A        146        ASP         0.64486         0.83419         0.42028         0.78794          2.2842               0         0.56396          0.1223         0.59803         0.12517         0.76608         0.36208            -3.5               
         A        147        LYS         0.54928         0.72501         0.42812         0.66432          2.3426               0         0.68215         0.23182         0.69962         0.25043          1.1937         0.35323            -3.9               
         A        148        LEU         0.46648         0.74647         0.29964         0.65529          2.3364               0         0.48543         0.13623         0.46625         0.14443         0.73665         0.27851             3.8               
         A        149        VAL         0.34063         0.50714         0.18026         0.40307          1.2272               0         0.72498         0.15806         0.74005         0.17075         0.98474         0.44721             4.2               
         A        150        PRO         0.45783         0.66107          0.3232         0.49369          2.0998               0          1.1592         0.31934          1.0894          0.2444          1.9352         0.68063             1.6               
         A        151        ARG         0.31817         0.57612         0.26166         0.54956          1.9966               0          2.7172         0.82609          2.7679         0.79004          4.4841           1.217            -4.5               
