pdb_id: 2QKH
analysis type: bound
radii_file: C:\Users\choi\Desktop\PSAIA_output\amac_data\chothia.radii
ASA_zSice: 0.25
ASA_rSolvent: 1.4
CX_sRadius: 10
CX_vAtom: 20.1
radii_file: C:\Users\choi\Desktop\PSAIA_output\amac_data\hydrophobicity.hpb

  chain id|    res id|  res name|    average DPX|      s_avg DPX|   s-ch avg DPX| s-ch s_avg DPX|        max DPX|        min DPX|     average CX|       s_avg CX|    s-ch avg CX|  s-ch s_avg CX|         max CX|         min CX| Hydrophobicity|               
         B          1        TYR         0.11499         0.38139         0.17249         0.45637          1.3799               0          1.8137         0.40169          1.7953         0.48273           2.789          1.1937            -1.3               
         B          2        ALA         0.71665         0.92488               0               0          2.2526               0          2.0432         0.35883          2.6561               0          2.6561          1.5728             1.8               
         B          3        GLU               0               0               0               0               0               0          3.1626         0.97895          3.8494         0.79892          4.7888          2.1575            -3.5               
         B          4        GLY               0               0               0               0               0               0          2.2625         0.25015               0               0          2.5931          2.0203            -0.4               
         B          5        THR         0.36668         0.58041               0               0          1.3344               0          1.5522         0.25871          1.6929         0.30401          2.1104           1.217            -0.7               
         B          6        PHE         0.32205         0.70976               0               0          2.2226               0          1.8083         0.44669          2.1163         0.19903          2.4733          1.0633             2.8               
         B          7        ILE         0.49227         0.87974               0               0          2.4024               0          1.2846         0.26235          1.4885         0.19934          1.8162         0.92961             4.5               
         B          8        SER         0.90086         0.94902               0               0          2.3975               0          0.9705         0.17796          1.1596         0.01119          1.1708         0.68063            -0.8               
         B          9        ASP         0.18198         0.48147               0               0          1.4558               0          1.0851         0.26906           1.312         0.19693          1.6379         0.76608            -3.5               
         B         10        TYR         0.10276         0.34082               0               0          1.2332               0          1.4463         0.56053          1.7268         0.48138          2.7214         0.81215            -1.3               
         B         11        SER         0.16871         0.45571               0               0          1.4565               0         0.70797         0.10313         0.74315          0.1081         0.92961          0.5669            -0.8               
         B         12        ILE          0.3188         0.55275               0               0          1.3257               0         0.69469         0.12417         0.75472         0.11391         0.92961         0.51013             4.5               
         B         13        ALA         0.24462         0.48924               0               0          1.2231               0          1.0166        0.099483          1.1484               0          1.1484         0.84423             1.8               
         B         14        MET         0.91426         0.95946               0               0          2.2398               0          1.1729         0.33301          1.4347         0.27896          1.7421         0.82805             1.9               
         B         15        ASP          0.4953         0.88475               0               0          2.4139               0         0.59026        0.079272         0.57744        0.050801         0.72229         0.45733            -3.5               
         B         16        LYS         0.16307         0.46124               0               0          1.4676               0         0.78541         0.35714         0.97962          0.3775          1.6379         0.46759            -3.9               
         B         17        ILE         0.50927         0.66158         0.37987         0.65795          1.5195               0            1.13         0.28854          1.4019         0.12502          1.5414         0.81215             4.5               
         B         18        HIS         0.26884         0.54026               0               0          1.4622               0         0.95455         0.29972          1.1492         0.21319          1.3954         0.53233            -3.2               
         B         19        GLN         0.98265         0.92608         0.30157         0.60315          2.2446               0          0.2407        0.075354          0.2203        0.062271         0.39864         0.15776            -3.5               
         B         20        GLN          0.7393          1.0925               0               0          2.7601               0         0.51549         0.10051         0.52828         0.10538         0.66718         0.38012            -3.5               
         B         21        ASP         0.18168         0.48069               0               0          1.4535               0          1.0481         0.29902          1.3172          0.1768          1.4809         0.70818            -3.5               
         B         22        PHE         0.48291         0.82258         0.19781         0.48453          2.3989               0         0.23253         0.12562         0.16054        0.080523         0.46759        0.052513             2.8               
         B         23        VAL          2.0258         0.90216          1.3492          1.0378           2.739               0         0.15939        0.078249        0.086925        0.040265          0.2864        0.031671             4.2               
         B         24        ASN         0.18341         0.48524               0               0          1.4672               0         0.79273         0.24948         0.97818         0.21171          1.3155         0.42738            -3.5               
         B         25        TRP         0.28109         0.70757               0               0          2.3991               0          1.0007         0.35394          1.1411         0.32374          1.7786          0.5669            -0.9               
         B         26        LEU           2.249         0.95918          1.6509          1.0343          3.0831               0         0.19142         0.12577        0.076958        0.059867         0.38012               0             3.8               
         B         27        LEU          1.0051          1.0614          1.0125          1.0711          2.5191               0         0.32849         0.11429         0.24094        0.054038         0.51013         0.18408             3.8               
         B         28        ALA         0.24515         0.49029               0               0          1.2257               0          0.9175         0.20452          1.0633               0          1.1708         0.59082             1.8               
         B         29        GLN         0.55284         0.81907         0.24246         0.48491          2.2265               0          1.0054         0.26067         0.99256         0.30457          1.4809         0.65395            -3.5               
         B         30        LYS          0.1473         0.41663               0               0          1.3257               0         0.83847         0.40791         0.53474         0.12017          1.6718         0.41767            -3.9               
         B         31        GLY               0               0               0               0               0               0          2.8347         0.89393               0               0          4.0829          1.6718            -0.4               
         B         32        LYS         0.14826         0.41936               0               0          1.3344               0          3.3149         0.82734          3.8009         0.80282          4.6324          2.4164            -3.9               
         A         29        GLY         0.30592         0.52987               0               0          1.2237               0          1.3375         0.25203               0               0          1.6379         0.96601            -0.4               
         A         30        GLN               0               0               0               0               0               0         0.87458         0.17224         0.83132         0.15151          1.1937         0.59082            -3.5               
         A         31        THR          1.1945          1.1641               0               0          3.0741               0         0.82093          0.2549          1.0774         0.12016          1.1937           0.478            -0.7               
         A         32        ALA         0.79702          1.0204               0               0          2.4626               0         0.46731        0.051726         0.48855               0         0.55521         0.40809             1.8               
         A         33        GLY               0               0               0               0               0               0         0.93213        0.069191               0               0          1.0038         0.82805            -0.4               
         A         34        GLU         0.13582         0.38417               0               0          1.2224               0          1.1945         0.57654          1.6366         0.35193          2.1104         0.39864            -3.5               
         A         35        LEU          2.2283         0.96571           1.656          1.0373           3.258               0         0.14605         0.12645        0.050544        0.052687         0.40809               0             3.8               
         A         36        TYR         0.76734          1.1164               0               0          2.7439               0          0.7217         0.31344          0.8942         0.23946          1.3155         0.31068            -1.3               
         A         37        GLN         0.16279         0.46044               0               0          1.4651               0         0.95518         0.55382          1.3605         0.41846          2.0647          0.3445            -3.5               
         A         38        ARG         0.49516         0.83518         0.21829         0.53471          2.3817               0         0.26262         0.10666         0.29939         0.10049         0.51013         0.11443            -4.5               
         A         39        TRP          2.5204          1.3524           2.317          1.5208           4.232               0         0.11105         0.13429         0.13688         0.15059         0.41767               0            -0.9               
         A         40        GLU          0.4425         0.85677               0               0          2.4595               0         0.56499         0.32605         0.80707         0.23733          1.1265         0.17077            -3.5               
         A         41        ARG         0.49468         0.83584         0.21591         0.52888           2.395               0         0.94204         0.65348          1.3084         0.54916          2.1104         0.27851            -4.5               
         A         42        TYR          0.7847         0.82929         0.84032         0.88992          2.3901               0        0.071766        0.046735        0.055406        0.047513          0.1326               0            -1.3               
         A         43        ARG          1.4613          1.1475          1.1417            1.08          3.2669               0         0.46988         0.31189         0.56206         0.28577          1.0431        0.052513            -4.5               
         A         44        ARG         0.83658          1.1407               0               0          2.7549               0         0.96576         0.41003          1.2249         0.27071          1.5414          0.3445            -4.5               
         A         45        GLU         0.16283         0.46055               0               0          1.4655               0         0.73405         0.21163         0.88298          0.1704          1.1484         0.48855            -3.5               
         A         46        CYS         0.96159         0.99676         0.90467         0.90467          2.4238               0         0.31375         0.11215          0.1717        0.032913         0.43722         0.13878             2.5               
         A         47        GLN         0.16272         0.46025               0               0          1.4645               0         0.71112         0.15285         0.72999        0.091162         0.98474         0.44721            -3.5               
         A         48        GLU          0.1482         0.41917               0               0          1.3338               0          1.3525         0.20739          1.3608        0.090013          1.7065         0.89452            -3.5               
         A         49        THR         0.17634         0.43194               0               0          1.2344               0         0.95159        0.085303         0.89949         0.09554          1.0431         0.76608            -0.7               
         A         50        LEU         0.37112         0.64296         0.37855         0.65566          1.5142               0         0.66571          0.2251         0.46967        0.083162          1.0431         0.36208             3.8               
         A         51        ALA               0               0               0               0               0               0          1.7335         0.35142          1.8944               0          2.2061          1.1708             1.8               
         A         52        ALA               0               0               0               0               0               0          2.1064         0.21476          2.1575               0          2.4733          1.8162             1.8               
         A         53        ALA               0               0               0               0               0               0          1.4746         0.23083           1.084               0          1.7065           1.084             1.8               
         A         54        GLU         0.13624         0.38535               0               0          1.2262               0          3.1765          1.3293          4.1704         0.95533          5.5124           1.605            -3.5               
         A         55        PRO         0.60662         0.70587               0               0          1.5412               0          1.6366         0.36589          1.6978         0.35638          2.1575          1.1484             1.6               
         A         56        PRO         0.17576         0.43052               0               0          1.2303               0          1.3292         0.34778         0.99409        0.078787          1.8548         0.92961             1.6               
         A         57        SER               0               0               0               0               0               0          3.6589         0.77808          4.4841               0          4.4841          2.3079            -0.8               
         A         58        GLY               0               0               0               0               0               0          2.1858         0.64481               0               0          2.8592          1.4232            -0.4               
         A         59        LEU         0.34332          0.5993         0.38054         0.65911          1.5222               0          1.2506         0.22141          1.3195        0.097846          1.6379         0.89452             3.8               
         A         60        ALA         0.53604          0.6608               0               0          1.4589               0         0.57268         0.07398         0.60306               0         0.69429           0.478             1.8               
         A         61        CYS           1.562         0.86619          2.1627         0.63138          2.7941               0         0.29093        0.048012         0.24262        0.051776          0.3445         0.19084             2.5               
         A         62        ASN         0.33547         0.58357               0               0          1.4504               0         0.76208         0.31454          1.0177           0.254          1.4517         0.43722            -3.5               
         A         63        GLY          1.4684         0.96015               0               0          2.3906               0         0.50208        0.064772               0               0         0.59082         0.40809            -0.4               
         A         64        SER          0.8405         0.88694               0               0          2.2416               0         0.42676          0.1306         0.56832        0.047167         0.61548          0.2187            -0.8               
         A         65        PHE          1.1821          1.0097          1.4754          1.0517          2.7729               0         0.24189         0.11232         0.17102        0.068571         0.44721        0.085404             2.8               
         A         66        ASP         0.96879          1.0185          1.5695         0.97296          2.3849               0         0.21692        0.073174         0.17518        0.074382         0.30248         0.11443            -3.5               
         A         67        MET          1.5316          1.3803         0.38405         0.66519          3.4757               0         0.23378         0.17487         0.38556         0.10275         0.52115               0             1.9               
         A         68        TYR          3.2515          1.4105          2.7986          1.4917           4.888               0       0.0011291        0.003212       0.0014548       0.0038491        0.011638               0            -1.3               
         A         69        VAL          2.4363          1.2127          1.3452          1.0325          3.8034               0        0.039384        0.034004        0.022358        0.028917        0.091087       0.0019112             4.2               
         A         70        CYS         0.65903         0.96799               0               0          2.4299               0         0.13164        0.035502         0.15606        0.041631         0.19769        0.085404             2.5               
         A         71        TRP           1.886          1.0489          2.1511            1.02          3.5618               0         0.12423         0.10473         0.07254        0.057056          0.3445               0            -0.9               
         A         72        ASP          0.1533          0.4056               0               0          1.2264               0         0.61382          0.2403         0.81056         0.18848          1.1265          0.3445            -3.5               
         A         73        TYR         0.54449         0.79714         0.34613         0.59951          2.2444               0         0.63037          0.1341         0.69903         0.10695          0.9119         0.43722            -1.3               
         A         74        ALA         0.51225         0.62828               0               0          1.3341               0         0.33683         0.05884         0.24046               0         0.39864         0.24046             1.8               
         A         75        ALA           0.244         0.48801               0               0            1.22               0         0.67998         0.21183           1.084               0           1.084         0.48855             1.8               
         A         76        PRO         0.60272         0.70154               0               0          1.5317               0         0.89311         0.15883         0.95951         0.10451          1.1265         0.69429             1.6               
         A         77        ASN         0.33592         0.58474               0               0          1.4601               0           1.801         0.65586          2.2702           0.471          3.0076         0.82805            -3.5               
         A         78        ALA         0.53742           0.662               0               0          1.4556               0         0.98895         0.32326          1.4232               0          1.4232         0.48855             1.8               
         A         79        THR          0.2078         0.50901               0               0          1.4546               0         0.88785         0.22649          1.0424         0.25324          1.3415         0.62811            -0.7               
         A         80        ALA         0.98078         0.86625               0               0          2.2377               0         0.26979        0.051014         0.17077               0         0.30248         0.17077             1.8               
         A         81        ARG         0.24545         0.52295               0               0          1.4642               0          1.2605         0.76369            1.71         0.59796          2.4733         0.40809            -4.5               
         A         82        ALA          1.0039         0.87451               0               0          2.2237               0         0.28338        0.078124         0.17077               0         0.37104         0.17077             1.8               
         A         83        SER         0.44661         0.63501               0               0          1.4536               0         0.48317           0.295          0.8293         0.21381          1.0431         0.15137            -0.8               
         A         84        CYS          2.0666          1.1618          3.2711         0.19343          3.4645               0         0.16152        0.043253         0.15791        0.012866         0.23312        0.091087             2.5               
         A         85        PRO          1.6342         0.79914          2.1328         0.43249          2.4583               0        0.059743        0.051262       0.0022504       0.0031826         0.12042               0             1.6               
         A         86        TRP         0.19108         0.47024               0               0          1.4574               0         0.46771         0.12312         0.54131        0.040053         0.60306         0.24046            -0.9               
         A         87        TYR          4.2255           1.193          4.9648         0.66208          5.7334          2.2239        0.033101        0.048736       0.0014548       0.0038491         0.12647               0            -1.3               
         A         88        LEU          2.7234          1.4146          3.8557         0.51431          4.5499               0        0.040812        0.058934               0               0         0.17739               0             3.8               
         A         89        PRO         0.42563         0.67309         0.50417           0.713          1.5125               0         0.17552         0.14296        0.088044         0.05387         0.45733        0.026589             1.6               
         A         90        TRP          1.1433          0.9444          1.0726         0.96615          2.5577               0         0.23618         0.13996          0.1739        0.094269         0.51013        0.063253            -0.9               
         A         91        HIS          1.0298          0.9112         0.45781         0.64744          2.4538               0         0.49213         0.12559         0.51579         0.14347         0.76608         0.36208            -3.2               
         A         92        HIS               0               0               0               0               0               0          1.3709         0.36021          1.4992         0.30134          1.8548         0.70818            -3.2               
         A         93        HIS         0.26782         0.53567          0.2254         0.50402          1.3524               0           1.236         0.43513          1.4872         0.39304          2.0203         0.78118            -3.2               
         A         94        VAL         0.93898          0.9006          1.3459           1.032          2.5076               0          0.3996         0.11951         0.27779        0.049546         0.59082         0.22587             4.2               
         A         95        ALA         0.29378         0.58755               0               0          1.4689               0         0.87323         0.16726          1.0038               0          1.0233         0.60306             1.8               
         A         96        ALA               0               0               0               0               0               0          1.4267         0.25656          1.8548               0          1.8548          1.1484             1.8               
         A         97        GLY          0.3068         0.53139               0               0          1.2272               0         0.63744         0.10337               0               0         0.81215         0.55521            -0.4               
         A         98        PHE         0.70687         0.81214         0.39115         0.61849          2.2584               0         0.89855         0.50252          1.1923         0.39264          1.7421         0.27851             2.8               
         A         99        VAL          3.4022         0.60844          3.8605         0.33172          4.2028          2.2781        0.090657        0.046676        0.040467        0.014858         0.15137        0.021556             4.2               
         A        100        LEU           1.775          1.4992         0.38194         0.66154          3.6654               0         0.35433         0.16608         0.50245        0.096984         0.66718         0.13878             3.8               
         A        101        ARG          1.7108          1.6862         0.56798         0.92807          3.8744               0         0.20937        0.081271         0.17616        0.083003         0.36208        0.074214            -4.5               
         A        102        GLN          1.0649          1.2466               0               0          3.0818               0         0.57905         0.29452          0.8115         0.18004           1.084         0.23312            -3.5               
         A        103        CYS          1.1664         0.90275         0.90085         0.90085          2.4445               0         0.33584         0.10985         0.25559        0.015128         0.53233         0.24046             2.5               
         A        104        GLY          0.8973         0.95597               0               0          2.2609               0         0.65658         0.12031               0               0         0.78118         0.46759            -0.4               
         A        105        SER               0               0               0               0               0               0          1.6014         0.42994          2.1482         0.21304          2.3613          1.1265            -0.8               
         A        106        ASP         0.31963         0.55416               0               0          1.3277               0          1.6229         0.37611          1.8574         0.39616          2.3079           1.217            -3.5               
         A        107        GLY          0.3638         0.63011               0               0          1.4552               0         0.76095        0.064399               0               0         0.86069         0.68063            -0.4               
         A        108        GLN         0.28582         0.53517               0               0          1.3328               0          1.2177         0.54322          1.6537         0.29546          2.0203         0.49926            -3.5               
         A        109        TRP          0.8317         0.88502          1.0184         0.90263          2.4295               0         0.31358          0.2472         0.19094         0.12229         0.94764        0.041988            -0.9               
         A        110        GLY          0.6419         0.64274               0               0          1.3302               0          0.8249         0.20553               0               0           1.084         0.51013            -0.4               
         A        111        LEU               0               0               0               0               0               0          2.4072          1.3252          3.3907          1.2556          5.5124          1.3682             3.8               
         A        112        TRP         0.35201         0.70462               0               0          2.2699               0         0.96494         0.26615         0.97478         0.25309          1.4809          0.5669            -0.9               
         A        113        ARG          0.6009          0.8275         0.73674         0.89396          2.3005               0         0.35211         0.18504         0.22643        0.076011         0.68063         0.12647            -4.5               
         A        114        ASP         0.31726         0.55029               0               0          1.3275               0         0.67628         0.32823         0.96263           0.193           1.217         0.24789            -3.5               
         A        115        HIS          1.0579          1.1395         0.63611         0.95524          2.8576               0         0.45958         0.13794         0.46441         0.16355         0.69429         0.19769            -3.2               
         A        116        THR         0.57509          0.9448               0               0          2.4928               0          1.1658         0.29808           1.503        0.075826           1.605         0.87746            -0.7               
         A        117        GLN               0               0               0               0               0               0         0.69797         0.19627         0.82387        0.098502         0.96601         0.33588            -3.5               
         A        118        CYS          1.5294          1.3486          3.1586          0.6653          3.8239               0         0.12947        0.089824        0.029632        0.022881         0.27072       0.0067513             2.5               
         A        119        GLU         0.13719         0.38804               0               0          1.2347               0          0.8288         0.43235          1.1444         0.33173          1.5728         0.36208            -3.5               
         A        120        ASN         0.33607         0.58504         0.30669          0.5312          1.4618               0         0.78936          0.2534         0.70273        0.051215          1.3682         0.51013            -3.5               
         A        121        PRO         0.40643         0.64407         0.50112         0.70869          1.5034               0          1.5183         0.55198          1.1511         0.22311          2.5322         0.84423             1.6               
         A        122        GLU         0.16629         0.43997               0               0          1.3304               0          2.7903          0.8595          3.3238         0.88613          4.7888          1.7786            -3.5               
