pdb_id: 2XJY
analysis type: bound
radii_file: C:\Users\choi\Desktop\PSAIA_output\amac_data\chothia.radii
ASA_zSice: 0.25
ASA_rSolvent: 1.4
CX_sRadius: 10
CX_vAtom: 20.1
radii_file: C:\Users\choi\Desktop\PSAIA_output\amac_data\hydrophobicity.hpb

  chain id|    res id|  res name|    average DPX|      s_avg DPX|   s-ch avg DPX| s-ch s_avg DPX|        max DPX|        min DPX|     average CX|       s_avg CX|    s-ch avg CX|  s-ch s_avg CX|         max CX|         min CX| Hydrophobicity|               
         A         26        SER               0               0               0               0               0               0          3.4725          1.4778          4.7371         0.77529          5.5124          1.4517            -0.8               
         A         27        LEU               0               0               0               0               0               0          2.0682         0.42829          2.3749          0.3861          3.0076           1.605             3.8               
         A         28        LEU         0.15427         0.40817               0               0          1.2342               0         0.82236         0.22491         0.77924         0.26996          1.2408         0.57877             3.8               
         A         29        THR         0.38573         0.61295               0               0          1.4646               0         0.77709         0.27824          1.0603         0.14377          1.1937         0.40809            -0.7               
         A         30        CYS           1.594          1.2334          2.8838         0.36114          3.2449               0         0.47645         0.14011         0.34954        0.030572         0.75124         0.31897             2.5               
         A         31        GLY         0.64101         0.64192               0               0          1.3304               0          0.6178         0.13557               0               0         0.79653         0.41767            -0.4               
         A         32        GLY          0.3645         0.63134               0               0           1.458               0         0.93292         0.20459               0               0          1.2408         0.68063            -0.4               
         A         33        CYS         0.22452         0.50204               0               0          1.3471               0           1.287         0.36814          1.0241         0.14668          1.9771         0.87746             2.5               
         A         34        GLN         0.45952         0.65409               0               0          1.5485               0           1.976         0.36934          2.2431         0.15512          2.5322          1.2652            -3.5               
         A         35        GLN         0.56658         0.83593               0               0          2.2793               0           1.932         0.84446          2.5168         0.66798           3.434         0.76608            -3.5               
         A         36        ASN         0.18345         0.48536               0               0          1.4676               0          1.3318          0.4076          1.6808         0.27184          2.1104         0.81215            -3.5               
         A         37        ILE          0.7007         0.95782          1.0358          1.0997          2.5939               0         0.39793          0.1746         0.23345        0.068236         0.64093         0.12042             4.5               
         A         38        GLY               0               0               0               0               0               0          0.8109         0.11091               0               0         0.98474         0.68063            -0.4               
         A         39        ASP         0.45276         0.81755               0               0          2.2733               0         0.83246         0.22122         0.97574         0.22007          1.3155         0.54369            -3.5               
         A         40        ARG         0.46268         0.78547               0               0          2.2741               0          1.2729         0.50394          1.5762         0.37968          2.3079         0.70818            -4.5               
         A         41        TYR         0.22503          0.5055               0               0          1.4687               0           1.229         0.64753          1.5576         0.54875          2.6561           0.478            -1.3               
         A         42        PHE         0.58525         0.81027         0.19839         0.48596          2.2708               0         0.24454          0.0725         0.22623        0.055203         0.38012         0.17077             2.8               
         A         43        LEU          2.0254            1.32          1.0097          1.0682          3.6359               0         0.19184        0.057564         0.21306        0.063083         0.31068         0.11443             3.8               
         A         44        LYS         0.58316         0.87964               0               0          2.4781               0         0.70516         0.39903         0.95795         0.37469           1.605         0.31897            -3.9               
         A         45        ALA          1.3216         0.73617          1.5225               0          2.2707               0         0.32941        0.067974         0.19769               0         0.38012         0.19769             1.8               
         A         46        ILE         0.34594          0.6039         0.38358         0.66437          1.5343               0         0.54789         0.22161         0.42432         0.16547         0.92961         0.23312             4.5               
         A         47        ASP               0               0               0               0               0               0          1.8126         0.60743          2.3351          0.3897          3.0076         0.96601            -3.5               
         A         48        GLN         0.55032         0.81712               0               0          2.2607               0         0.71433         0.16896         0.79966        0.074733          0.9119         0.38932            -3.5               
         A         49        TYR         0.98401          1.0605         0.65733         0.90412          2.6835               0         0.55893         0.38051         0.72766         0.35741          1.4809         0.12647            -1.3               
         A         50        TRP          2.4715          1.3166          2.1925          1.4276          4.4719               0         0.17738        0.095489         0.21745        0.083945         0.35323        0.052513            -0.9               
         A         51        HIS         0.50776          0.8076               0               0            2.27               0         0.36674         0.09941          0.4346        0.058233         0.53233         0.18408            -3.2               
         A         52        GLU         0.16381         0.46331               0               0          1.4742               0         0.58918         0.18037         0.67934         0.17256         0.94764         0.35323            -3.5               
         A         53        ASP         0.18278          0.4836               0               0          1.4623               0          1.1471         0.51736          1.6116         0.31693          2.0647         0.61548            -3.5               
         A         54        CYS         0.43007         0.60913               0               0          1.3482               0         0.50461        0.071855          0.5621        0.040954         0.60306         0.37104             2.5               
         A         55        LEU          2.5162          1.2849          3.5526         0.46717          4.1114               0          0.1322        0.090757        0.045026        0.021117         0.25541        0.021556             3.8               
         A         56        SER         0.83881         0.89462               0               0          2.2757               0         0.42062          0.1635         0.64347        0.064704         0.70818         0.27851            -0.8               
         A         57        CYS          1.5892           1.223          2.8655         0.32432          3.1898               0          0.4698         0.17775         0.33594       0.0085637         0.81215         0.32737             2.5               
         A         58        ASP         0.16774         0.44381               0               0           1.342               0         0.80693          0.2557         0.64852         0.11235          1.3155         0.49926            -3.5               
         A         59        LEU         0.35833           0.622         0.37884         0.65616          1.5153               0         0.95468         0.30228         0.77028         0.14695          1.6379         0.60306             3.8               
         A         60        CYS         0.22412         0.50116               0               0          1.3447               0          1.3729         0.45258          1.0215         0.12695          2.2562         0.89452             2.5               
         A         61        GLY               0               0               0               0               0               0          1.1332        0.051825               0               0          1.1937          1.0633            -0.4               
         A         62        CYS         0.60215         0.89232               0               0          2.2682               0         0.64547         0.16774         0.63726         0.15927         0.84423         0.41767             2.5               
         A         63        ARG         0.60989          1.0392               0               0          2.8116               0          1.2702         0.71085          1.6559         0.61723          2.5931           0.478            -4.5               
         A         64        LEU          1.6265          1.0663          1.6301          1.0239          2.8465               0         0.23147         0.13763         0.10902        0.024137         0.49926         0.07978             3.8               
         A         65        GLY               0               0               0               0               0               0          0.5095         0.19878               0               0         0.75124         0.27072            -0.4               
         A         66        GLU          0.5488         0.81539               0               0          2.2587               0          1.2869         0.27152          1.2528         0.24497          1.7065         0.89452            -3.5               
         A         67        VAL         0.21721         0.53206         0.50683         0.71677          1.5205               0          2.4459         0.13695          2.5552         0.10148          2.6561          2.3079             4.2               
         A         68        GLY               0               0               0               0               0               0          1.7937          0.3459               0               0          2.2061          1.4232            -0.4               
         A         69        ARG               0               0               0               0               0               0          1.0504         0.42441          1.2485         0.37115          1.9771         0.41767            -4.5               
         A         70        ARG         0.25091          0.5358         0.21773         0.53332          1.5241               0         0.79435         0.46516           1.042         0.39629          1.7421         0.16423            -4.5               
         A         71        LEU          2.6209          1.2848          3.5496         0.60787          4.0043               0         0.14257        0.041263         0.11325        0.018813         0.22587        0.096829             3.8               
         A         72        TYR          2.0932           1.257          2.4873           1.232          3.8792               0         0.14621         0.10235         0.19091        0.097773         0.38932        0.036804            -1.3               
         A         73        TYR         0.57617         0.68489          0.5423         0.70156          1.5501               0          0.6118         0.33783         0.75244         0.32504          1.4232         0.18408            -1.3               
         A         74        LYS         0.74002         0.86181         0.60593         0.74214          2.2807               0         0.78545           0.282         0.89485         0.31944          1.3954         0.45733            -3.9               
         A         75        LEU               0               0               0               0               0               0          1.9531         0.53023          2.2994         0.51061           3.168          1.1937             3.8               
         A         76        GLY               0               0               0               0               0               0           1.483         0.20673               0               0          1.7786          1.2652            -0.4               
         A         77        ARG         0.81148         0.94279         0.22025         0.53949          2.4264               0         0.96978         0.48428          1.2143         0.41257          1.8162         0.25541            -4.5               
         A         78        LYS         0.73798          1.0938               0               0          2.8203               0         0.24701         0.11852         0.31532         0.10521         0.49926        0.085404            -3.9               
         A         79        LEU          2.6757          1.2796          1.6366           1.028           3.922               0        0.051423        0.063276        0.099936        0.057231         0.15776               0             3.8               
         A         80        CYS          1.2717         0.97852               0               0           2.465               0         0.12105        0.080151         0.22591       0.0072112         0.23312        0.016573             2.5               
         A         81        ARG         0.46258         0.78488               0               0          2.2689               0         0.39761         0.18058          0.5111         0.12226         0.65395          0.1326            -4.5               
         A         82        ARG         0.35591          0.7769               0               0          2.3871               0         0.72231         0.37898         0.96768         0.24443          1.2408         0.25541            -4.5               
         A         83        ASP          1.8831          1.3584         0.69287         0.69935          3.8809               0         0.37241         0.17708         0.51006         0.15091         0.68063         0.17739            -3.5               
         A         84        TYR           2.194            1.34          1.4293         0.94159          4.2177               0         0.10466        0.072655         0.10881        0.085554          0.2864        0.031671            -1.3               
         A         85        LEU          2.8119          1.4144           3.825         0.43198          4.4148               0         0.14672        0.061991         0.14554        0.065587         0.24789         0.07978             3.8               
         A         86        ARG          0.2441         0.52027               0               0          1.4608               0         0.93092         0.59871          1.1934         0.59347          2.3079         0.19769            -4.5               
         A         87        LEU           0.374         0.64805         0.38312         0.66358          1.5325               0          0.6492         0.13008         0.61448        0.091672          0.9119         0.48855             3.8               
         A         88        PHE         0.59216         0.82684         0.73667         0.90532          2.3883               0         0.66273         0.21684         0.66981         0.24772           1.105         0.35323             2.8               
         A         89        GLY          0.3643         0.63098               0               0          1.4572               0          0.5136        0.096737               0               0         0.61548         0.39864            -0.4               
         A         90        GLN               0               0               0               0               0               0          1.0907         0.45872          1.4551         0.25086          1.7421         0.41767            -3.5               
         A         91        ASP         0.18372         0.48608               0               0          1.4698               0         0.83364         0.20527         0.74368        0.076144          1.3415         0.62811            -3.5               
         A         92        GLY         0.64287         0.64385               0               0          1.3359               0         0.61267        0.022156               0               0         0.64093         0.57877            -0.4               
         A         93        LEU         0.52571         0.68273         0.37737         0.65362          1.5095               0         0.90528         0.33625          1.2136         0.17641          1.4232         0.49926             3.8               
         A         94        CYS            1.59          1.2266          2.8685         0.33996          3.2084               0         0.53116         0.13599         0.39154        0.055662         0.75124         0.33588             2.5               
         A         95        ALA         0.26997         0.53993               0               0          1.3498               0         0.53418         0.13131         0.38012               0         0.75124         0.38012             1.8               
         A         96        SER         0.22495         0.50301               0               0          1.3497               0         0.64541         0.22378         0.47692        0.078282          1.0431         0.39864            -0.8               
         A         97        CYS         0.22418         0.50127               0               0          1.3451               0           1.261         0.37393          1.0215         0.12695          1.9771         0.86069             2.5               
         A         98        ASP         0.15324         0.40545               0               0           1.226               0          1.9823         0.53524          2.4171         0.39968          3.0862          1.2901            -3.5               
         A         99        LYS         0.56338         0.83106               0               0          2.2646               0          1.8478          1.0488          2.5183            0.96          3.9618         0.69429            -3.9               
         A        100        ARG         0.24539         0.52288               0               0          1.4653               0          1.9311          1.2941          2.5839          1.2034          4.6324         0.64093            -4.5               
         A        101        ILE          2.3295           1.041          1.8288           1.212          3.3975               0         0.30498          0.1151         0.19911        0.059718         0.43722        0.096829             4.5               
         A        102        ARG         0.69429         0.96185               0               0          2.4699               0         0.81772         0.38855          1.0673         0.25187          1.4517         0.31068            -4.5               
         A        103        ALA          1.4164          1.2703               0               0          3.1169               0         0.19343        0.056522         0.19769               0         0.29439         0.12647             1.8               
         A        104        TYR         0.66958          1.0222         0.18933         0.50092          2.8935               0         0.61394         0.34226         0.76046         0.32751          1.3954         0.20461            -1.3               
         A        105        GLU          0.5675         0.83745               0               0          2.2845               0         0.48174          0.1598         0.59701           0.119         0.79653         0.27851            -3.5               
         A        106        MET         0.33863          0.5894               0               0          1.4709               0         0.78535         0.33948          1.0837         0.20768          1.3954         0.35323             1.9               
         A        107        THR          2.2669          1.1695          3.3228        0.034579          3.3674               0         0.28166         0.10037          0.1968        0.041525         0.45733         0.16423            -0.7               
         A        108        MET         0.82316         0.86282         0.38231         0.66218           2.269               0         0.21925         0.05472           0.233        0.067329          0.3445         0.15776             1.9               
         A        109        ARG         0.13261         0.41936               0               0          1.4588               0         0.66505         0.23137         0.79506         0.18292           1.105         0.31068            -4.5               
         A        110        VAL         0.92779         0.85416         0.50689         0.71685          2.2764               0         0.46077         0.19539         0.28408        0.061111         0.75124         0.20461             4.2               
         A        111        LYS               0               0               0               0               0               0          1.8552         0.40639          1.9889         0.41935          2.7214          1.1708            -3.9               
         A        112        ASP               0               0               0               0               0               0          2.6777          1.1387          3.6679         0.73699          4.7888          1.3954            -3.5               
         A        113        LYS         0.71664         0.83897          0.3059          0.6118          2.2443               0         0.86608         0.30417         0.97922         0.33776          1.5414         0.53233            -3.9               
         A        114        VAL         0.95684          1.1649               0               0          2.7884               0         0.26655        0.086797          0.2795        0.035387         0.43722         0.15137             4.2               
         A        115        TYR          2.4281          1.0493          2.0738          1.0672          3.8313               0         0.14582        0.029654         0.16438        0.013079         0.18408        0.091087            -1.3               
         A        116        HIS         0.50589         0.80444               0               0          2.2585               0         0.32103        0.068505         0.36441        0.034104         0.41767         0.16423            -3.2               
         A        117        LEU         0.18285         0.48378               0               0          1.4628               0         0.59582         0.14465         0.66322         0.16177         0.89452         0.39864             3.8               
         A        118        GLU         0.16253         0.45972               0               0          1.4628               0          1.6489         0.79413          2.3121         0.37405           2.789         0.73665            -3.5               
         A        119        CYS         0.43073         0.61013               0               0          1.3522               0         0.42366          0.1412         0.53415         0.10677         0.64093         0.22587             2.5               
         A        120        PHE         0.84045         0.81853         0.93413         0.87354          2.3898               0         0.11339         0.10434        0.043681        0.046546         0.29439               0             2.8               
         A        121        LYS         0.46907         0.66724         0.30518         0.61037          1.5259               0         0.53968         0.33294          0.7869         0.24669          1.1708         0.18408            -3.9               
         A        122        CYS          1.5881          1.2265          2.8743          0.3349          3.2092               0          0.3519         0.11258         0.31114        0.024739          0.5669         0.21161             2.5               
         A        123        ALA         0.51643         0.63373               0               0          1.3535               0         0.63629         0.26092         0.40809               0          1.0233         0.31897             1.8               
         A        124        ALA         0.29164         0.58328               0               0          1.4582               0         0.89844         0.34629         0.54369               0          1.5414         0.54369             1.8               
         A        125        CYS               0               0               0               0               0               0           1.191          0.2933          1.0272         0.16648          1.7786         0.86069             2.5               
         A        126        GLN         0.32123         0.60247               0               0          1.5355               0          1.4596         0.33398          1.7073         0.24523          2.1104           1.084            -3.5               
         A        127        LYS         0.55056         0.81814               0               0          2.2671               0          1.0579         0.48295          1.2844         0.52691          2.2562         0.49926            -3.9               
         A        128        HIS         0.26978         0.54197               0               0           1.463               0          1.0615         0.22328          1.2143         0.14018          1.3954         0.69429            -3.2               
         A        129        PHE         0.93029         0.92216          1.0771          1.0072          2.3882               0         0.29928         0.18297         0.17191        0.068488         0.61548        0.096829             2.8               
         A        130        CYS         0.84798         0.89563               0               0          2.2684               0          1.1978         0.42192          1.7701          0.1651          1.9352         0.78118             2.5               
         A        131        VAL         0.21032         0.51518               0               0          1.4722               0           1.725         0.22649          1.9278         0.13749          2.1104          1.4232             4.2               
         A        132        GLY               0               0               0               0               0               0          1.4538          0.1541               0               0          1.7065          1.2901            -0.4               
         A        133        ASP         0.62057         0.84419               0               0          2.2693               0         0.78574         0.18598         0.78117         0.19211           1.105         0.60306            -3.5               
         A        134        ARG         0.24516         0.52214               0               0          1.4575               0          1.0706         0.57574          1.4215         0.41292          1.9352         0.27851            -4.5               
         A        135        TYR          2.7974          1.1435          2.6479          1.3185          4.1873               0         0.21848        0.088611         0.17721        0.070591         0.37104        0.096829            -1.3               
         A        136        LEU          1.1391         0.95439         0.37048          0.6417          2.4849               0         0.32592         0.16167         0.46182         0.11951         0.64093         0.15137             3.8               
         A        137        LEU         0.52683         0.68436         0.38076          0.6595           1.523               0         0.52042          0.1071         0.53239        0.066425         0.69429         0.36208             3.8               
         A        138        ILE         0.82285         0.86217         0.38223         0.66204          2.2633               0         0.82061         0.24313         0.72812         0.24037          1.1484         0.39864             4.5               
         A        139        ASN               0               0               0               0               0               0          1.6555         0.41294          1.9924         0.22058          2.3613         0.98474            -3.5               
         A        140        SER         0.24438         0.54645               0               0          1.4663               0         0.74596         0.22037         0.83785        0.056674           1.084         0.41767            -0.8               
         A        141        ASP         0.81229         0.85621         0.37881         0.65611          2.2776               0         0.67726         0.23224         0.86478         0.12241          1.0233          0.3445            -3.5               
         A        142        ILE          1.2275          1.0467         0.78193         0.78211           2.841               0        0.092116        0.059639         0.04951        0.031801         0.21161       0.0067513             4.5               
         A        143        VAL           3.987         0.36581           4.074         0.13594          4.6523          3.3892         0.14239        0.072342         0.21946        0.030796         0.26302        0.057855             4.2               
         A        144        CYS          1.2747         0.98263               0               0          2.4847               0         0.24624         0.11727         0.36402        0.093304         0.45733        0.096829             2.5               
         A        145        GLU         0.16321         0.46162               0               0          1.4689               0         0.89009         0.28242          1.0589         0.23544          1.3415         0.42738            -3.5               
         A        146        GLN               0               0               0               0               0               0          1.7274         0.91527          2.2266         0.95109          3.9618         0.81215            -3.5               
         A        147        ASP         0.32317         0.56053               0               0           1.352               0         0.61762         0.13154         0.67982         0.14844          0.9119         0.46759            -3.5               
         A        148        ILE         0.53144         0.69113         0.38728         0.67079          1.5491               0         0.54587         0.09774          0.4922        0.095901         0.66718         0.35323             4.5               
         A        149        TYR         0.10283         0.34105               0               0           1.234               0           2.057         0.91805           2.558         0.71031          4.0829         0.86069            -1.3               
         A        150        GLU               0               0               0               0               0               0          1.5746         0.60247          1.9847          0.5184          2.5931         0.96601            -3.5               
         A        151        TRP         0.57576         0.80733         0.41427         0.63287          2.3885               0         0.57705         0.17419         0.49118        0.075205          1.0633         0.39864            -0.9               
         A        152        THR         0.56975         0.93337               0               0           2.451               0          1.2451         0.25157           1.208         0.25835           1.605          0.9119            -0.7               
         A        153        LYS         0.13672          0.3867               0               0          1.2305               0          2.2954         0.73703          2.7211         0.73777          3.8465          1.4809            -3.9               
         A        154        ILE         0.18327         0.48489               0               0          1.4662               0          2.0786         0.42333          2.0672         0.49082          2.7214          1.4232             4.5               
         A        155        ASN               0               0               0               0               0               0          1.8408         0.35679          1.5744         0.29487          2.3079          1.1937            -3.5               
         A        156        GLY               0               0               0               0               0               0          1.7665         0.25933               0               0          2.1104          1.4232            -0.4               
         B        334        VAL               0               0               0               0               0               0          3.3273         0.81251               0               0          4.6324          2.4164             4.2               
         B        335        PRO               0               0               0               0               0               0          3.6802         0.47702               0               0          4.2099          3.0862             1.6               
         B        336        ASP         0.16923         0.44773               0               0          1.3538               0          2.2766         0.79495          2.8561         0.47979          3.3416           1.084            -3.5               
         B        337        VAL         0.59242         0.68936               0               0          1.5546               0          1.1226          0.1056           1.089         0.10034          1.2901         0.94764             4.2               
         B        338        MET         0.63464         0.85719               0               0          2.2706               0         0.65675         0.11519         0.69044         0.14898         0.86069         0.51013             1.9               
         B        339        VAL         0.38536         0.61256               0               0          1.4666               0          1.0312         0.32226          1.3968        0.058656          1.4517         0.70818             4.2               
         B        340        VAL         0.78462         0.95784          1.3428          1.0294          2.5013               0         0.63591         0.21759         0.45105         0.09967          1.0633         0.31068             4.2               
         B        341        GLY               0               0               0               0               0               0         0.93956         0.13673               0               0           1.084         0.73665            -0.4               
         B        342        GLU         0.29916         0.56208               0               0          1.4562               0          2.1924         0.90845          2.9142          0.5386          3.8465           1.084            -3.5               
         B        343        PRO          0.6022         0.69986         0.50128         0.70892          1.5038               0          1.0899         0.15889          1.0459         0.13863          1.3682         0.87746             1.6               
         B        344        THR         0.51245         0.84657               0               0          2.2525               0         0.84571          0.2216          1.0102         0.22598          1.2901          0.5669            -0.7               
         B        345        LEU         0.52633         0.68359         0.37853         0.65563          1.5141               0         0.55799         0.12748         0.52508         0.10153         0.81215         0.39864             3.8               
         B        346        MET            1.53         0.99994          1.5793          1.0281          2.8728               0         0.25339         0.05969         0.21927        0.026294         0.38932         0.17739             1.9               
         B        347        GLY          1.2669         0.81466               0               0          2.2706               0         0.34534        0.063144               0               0         0.41767         0.25541            -0.4               
         B        348        GLY               0               0               0               0               0               0         0.81433         0.23063               0               0           1.105         0.53233            -0.4               
         B        349        GLU         0.13587         0.38431               0               0          1.2229               0          1.9505         0.84196          2.5738         0.62525           3.434          1.0431            -3.5               
         B        350        PHE         0.36347         0.59474          0.3953         0.62503          1.3855               0         0.69564         0.25187          0.7963         0.25199          1.1484         0.38932             2.8               
         B        351        GLY         0.30784         0.53319               0               0          1.2313               0         0.39784         0.04622               0               0         0.44721         0.33588            -0.4               
         B        352        ASP               0               0               0               0               0               0          1.1994         0.33693          1.4685          0.2543          1.8944         0.72229            -3.5               
         B        353        GLU               0               0               0               0               0               0          1.8638         0.70759          2.3735         0.55669          3.3416          1.1265            -3.5               
         B        354        ASP          1.0925          1.2121         0.37901         0.65646          3.2524               0         0.55036         0.17323          0.5757         0.16239         0.79653         0.31897            -3.5               
         B        355        GLU         0.44161         0.85255               0               0          2.4336               0         0.70747         0.12006         0.76165        0.089731         0.87746         0.49926            -3.5               
         B        356        ARG         0.26121         0.55531         0.21746         0.53266          1.5222               0         0.69907         0.22637         0.79011         0.23192           1.105         0.41767            -4.5               
         B        357        LEU         0.15401         0.40746               0               0          1.2321               0           1.384         0.78958          2.0741         0.52119          2.8592         0.49926             3.8               
         B        358        ILE         0.37593         0.65139         0.38507         0.66696          1.5403               0         0.54659         0.31217         0.28683        0.076301          1.1484         0.19769             4.5               
         B        359        THR         0.70697         0.86409               0               0          2.2615               0         0.93972         0.29625          1.2147         0.17123          1.4232         0.49926            -0.7               
         B        360        ARG               0               0               0               0               0               0          1.1536         0.22469          1.1789         0.25595          1.7065         0.89452            -4.5               
         B        361        LEU         0.18891          0.4998         0.37782          0.6544          1.5113               0         0.76954         0.16135         0.83929         0.19709          1.1708         0.64093             3.8               
         B        362        GLU         0.16273         0.46026               0               0          1.4645               0          1.3028         0.42409          1.6248          0.2971          2.0647         0.82805            -3.5               
         B        363        ASN         0.35812         0.62175          0.3794         0.65715          1.5176               0         0.68495         0.19898         0.51335        0.069415          1.0233         0.41767            -3.5               
         B        364        THR               0               0               0               0               0               0          1.9027         0.65279          2.4671         0.50851           3.168         0.94764            -0.7               
         B        365        GLN               0               0               0               0               0               0          2.1362         0.94145           2.825         0.71443          3.6311          1.0431            -3.5               
         B        366        PHE         0.12642         0.39977         0.19866         0.48661          1.3906               0           1.452         0.27255          1.2888         0.14761          2.0203           1.105             2.8               
         B        367        ASP         0.15419         0.40795               0               0          1.2335               0          3.2917         0.93932          4.0405         0.74456          5.1293          2.1104            -3.5               
         B        368        ALA               0               0               0               0               0               0          6.3247            1.46               0               0          7.6832          4.2099             1.8               
