pdb_id: 3LES
analysis type: bound
radii_file: C:\Users\choi\Desktop\PSAIA_output\amac_data\chothia.radii
ASA_zSice: 0.25
ASA_rSolvent: 1.4
CX_sRadius: 10
CX_vAtom: 20.1
radii_file: C:\Users\choi\Desktop\PSAIA_output\amac_data\hydrophobicity.hpb

  chain id|    res id|  res name|    average DPX|      s_avg DPX|   s-ch avg DPX| s-ch s_avg DPX|        max DPX|        min DPX|     average CX|       s_avg CX|    s-ch avg CX|  s-ch s_avg CX|         max CX|         min CX| Hydrophobicity|               
         A         93        SER               0               0               0               0               0               0          2.9428         0.37965          2.9727         0.11351          3.6311          2.4164            -0.8               
         A         94        ASP         0.48987         0.87613               0               0          2.3962               0          2.1672         0.42138          2.1069         0.30167          2.7214          1.5728            -3.5               
         A         95        PRO         0.20959         0.51338               0               0          1.4671               0          1.8401         0.70114           2.429         0.51402          2.8592         0.86069             1.6               
         A         96        VAL         0.70076         0.85734               0               0          2.2472               0         0.78332         0.11108         0.77749        0.049015          1.0233         0.65395             4.2               
         A         97        ARG         0.11212         0.35457               0               0          1.2334               0          1.7915         0.67277          2.2097         0.47818           3.168         0.98474            -4.5               
         A         98        GLN         0.29889         0.56171               0               0           1.458               0          1.2846         0.38497          1.5675         0.25314          1.9352         0.72229            -3.5               
         A         99        TYR         0.78932         0.83179         0.69347         0.69348          2.4009               0         0.23926         0.16722         0.14278         0.10224          0.5669               0            -1.3               
         A        100        LEU          0.6827         0.91933         0.37894         0.65635          2.4244               0          0.5047         0.08956         0.48166        0.095872         0.60306         0.35323             3.8               
         A        101        HIS         0.25603          0.5125               0               0          1.3272               0          1.2391         0.36295          1.4795         0.26175          1.8548         0.75124            -3.2               
         A        102        GLU         0.29951         0.56286               0               0          1.4609               0         0.68411        0.093395         0.69851         0.11023         0.87746         0.57877            -3.5               
         A        103        ILE         0.81775         0.85999         0.37881         0.65613          2.2523               0         0.32712         0.12172         0.21331        0.045046           0.478         0.14504             4.5               
         A        104        GLY         0.36272         0.62825               0               0          1.4509               0         0.98092         0.25801               0               0          1.3415         0.65395            -0.4               
         A        105        GLU         0.14795         0.41848               0               0          1.3316               0          1.5246         0.26348          1.7286        0.049118          1.8162         0.98474            -3.5               
         A        106        VAL         0.18986         0.46505               0               0           1.329               0         0.66702         0.25064         0.38775        0.045504         0.96601         0.32737             4.2               
         A        107        LEU               0               0               0               0               0               0          1.8099         0.88272          2.5742         0.57113           3.434         0.68063             3.8               
         A        108        GLU               0               0               0               0               0               0          1.3667         0.34236          1.4405         0.36406          2.1575         0.96601            -3.5               
         A        109        LEU          0.1907         0.50454          0.3814          0.6606          1.5256               0         0.80296          0.2025         0.63476         0.12494           1.084         0.44721             3.8               
         A        110        ASP         0.15353         0.40621               0               0          1.2283               0          1.5446          0.5079          2.0082         0.24817          2.3613         0.82805            -3.5               
         A        111        LYS         0.13665         0.38651               0               0          1.2299               0          1.3088         0.53217          1.5941         0.52833          2.5931         0.60306            -3.9               
         A        112        TRP         0.10456         0.37699               0               0          1.4638               0          2.6462          1.4211          3.2688          1.2108          5.3151          0.9119            -0.9               
         A        113        ALA         0.24605          0.4921               0               0          1.2302               0         0.89905         0.25162           1.105               0          1.1708         0.55521             1.8               
         A        114        GLU          1.2328          1.2045         0.30409         0.60818          3.2449               0         0.30853        0.091596         0.29647        0.051343         0.52115         0.18408            -3.5               
         A        115        LEU         0.68598         0.92527         0.37894         0.65634          2.4483               0          0.3876        0.065079         0.41254        0.080205         0.53233         0.32737             3.8               
         A        116        GLY               0               0               0               0               0               0         0.64181        0.083008               0               0         0.76608         0.55521            -0.4               
         A        117        ALA         0.78459         0.99957               0               0          2.3967               0         0.24615        0.095304         0.24789               0         0.39864         0.12042             1.8               
         A        118        ALA         0.53775         0.66272               0               0          1.4609               0         0.18343        0.049213         0.12042               0         0.24046         0.12042             1.8               
         A        119        ALA          0.9992         0.87968               0               0          2.2412               0         0.57034         0.13083         0.79653               0         0.79653         0.39864             1.8               
         A        120        LYS         0.13678         0.38686               0               0           1.231               0         0.57953         0.28587         0.76044         0.26626          1.1937         0.29439            -3.9               
         A        121        VAL         0.93724         0.85969         0.50775         0.71806          2.2517               0         0.15325        0.064903        0.086181        0.029263         0.24046        0.057855             4.2               
         A        122        GLU         0.73483          1.0857               0               0          2.7392               0         0.55617         0.19298         0.68243          0.1289         0.82805         0.19769            -3.5               
         A        123        GLU         0.29791         0.55993               0               0          1.4548               0          0.6736         0.26794         0.87914         0.16469           1.105         0.31897            -3.5               
         A        124        GLY         0.67028         0.67468               0               0          1.4493               0         0.12648        0.059862               0               0         0.22587        0.074214            -0.4               
         A        125        MET         0.35731         0.62086               0               0          1.5284               0         0.32388         0.08696         0.35032        0.068873         0.41767         0.16423             1.9               
         A        126        GLU         0.14721         0.41638               0               0          1.3249               0         0.89669         0.39154          1.1706         0.32351          1.6718         0.48855            -3.5               
         A        127        ALA         0.78463         0.99992               0               0          2.3985               0         0.20828        0.067234         0.22587               0         0.31897         0.12647             1.8               
         A        128        ILE          1.3503          1.1276         0.37794         0.65461          2.8195               0        0.087084         0.06455        0.045222         0.04572         0.17739       0.0019112             4.5               
         A        129        LYS         0.58028         0.87498               0               0          2.4642               0          1.1484         0.72193          1.6352         0.62428          2.5322         0.31897            -3.9               
         A        130        LYS         0.16177         0.45755               0               0          1.4559               0         0.82731         0.47195          1.0864         0.49814          1.8944         0.42738            -3.9               
         A        131        LEU          1.1861         0.98693          1.3865         0.89411           2.499               0         0.13997         0.10297        0.043486        0.027019          0.2864               0             3.8               
         A        132        SER          0.6584         0.96649               0               0          2.4239               0         0.63251         0.18105         0.66985        0.066794         0.87746         0.32737            -0.8               
         A        133        GLU         0.14793         0.41842               0               0          1.3314               0          1.4635         0.39197           1.618          0.3603          2.2562         0.87746            -3.5               
         A        134        ALA               0               0               0               0               0               0          1.0165         0.27782         0.66718               0          1.5108         0.66718             1.8               
         A        135        THR          1.1187          1.0477          2.1674         0.44207          2.5229               0          0.7635         0.25851         0.52095         0.10629          1.1937         0.41767            -0.7               
         A        136        GLY         0.33278          0.5764               0               0          1.3311               0          1.3173         0.18431               0               0          1.5728           1.084            -0.4               
         A        137        LEU         0.54696         0.70834         0.76162         0.76162          1.5238               0          0.6948         0.15029         0.60439         0.16865         0.87746         0.41767             3.8               
         A        138        ASP         0.44659         0.80673               0               0          2.2446               0          1.1797         0.41378          1.5744        0.063565          1.6379          0.5669            -3.5               
         A        139        GLN         0.29889          0.5617               0               0           1.458               0          0.6533         0.16768         0.74982         0.13704         0.98474         0.38012            -3.5               
         A        140        GLU         0.39729         0.77414               0               0          2.2469               0          1.0033         0.24726          1.1647         0.21087          1.4517         0.65395            -3.5               
         A        141        LEU          0.6801         0.91363            0.38         0.65818          2.3971               0         0.58518          0.1756         0.61259        0.072968         0.89452         0.30248             3.8               
         A        142        ILE          3.5935         0.69272          4.1769          0.1705          4.4706           2.425         0.13529        0.076422         0.11328        0.059392         0.29439        0.016573             4.5               
         A        143        ARG         0.59463         0.83904         0.18977         0.46483          2.4527               0         0.40368         0.19005         0.50007         0.17656         0.76608         0.22587            -4.5               
         A        144        GLU         0.13683           0.387               0               0          1.2314               0         0.48052         0.22615         0.63543         0.18302         0.92961         0.21161            -3.5               
         A        145        VAL          1.6452          1.1017         0.50727         0.71738          2.7924               0         0.17146        0.028143         0.16713        0.028882         0.20461         0.12647             4.2               
         A        146        VAL          1.3433         0.93763          1.3408          1.0302          2.5046               0         0.12584        0.064758        0.067984        0.034535         0.23312        0.031671             4.2               
         A        147        ARG         0.95289            1.11         0.18963          0.4645          2.7638               0         0.18243        0.056131         0.17168        0.067518         0.31068        0.085404            -4.5               
         A        148        ALA         0.29193         0.58386               0               0          1.4597               0         0.31533        0.063918         0.30248               0         0.42738         0.24789             1.8               
         A        149        LYS          0.1478         0.41804               0               0          1.3302               0         0.85118          0.3492           1.001         0.38365          1.6379         0.43722            -3.9               
         A        150        ILE         0.50857         0.66034         0.37717         0.65328          1.5087               0         0.42345         0.11022         0.32756        0.015693         0.61548         0.30248             4.5               
         A        151        LEU         0.33563         0.58426               0               0          1.4596               0         0.38581         0.20392         0.22551        0.042532         0.75124         0.18408             3.8               
         A        152        GLY               0               0               0               0               0               0           1.357         0.41707               0               0          1.8548         0.75124            -0.4               
         A        153        THR          0.1906         0.46687               0               0          1.3342               0          1.6788         0.36515          1.8873         0.47043          2.5322          1.3954            -0.7               
         A        154        ALA         0.26507         0.53015               0               0          1.3254               0          1.0228         0.25798         0.54369               0          1.3155         0.54369             1.8               
         A        155        ALA         0.24641         0.49283               0               0          1.2321               0          0.8431        0.062578         0.79653               0         0.92961         0.75124             1.8               
         A        156        ILE          1.0077         0.82202         0.75713         0.75713          2.2501               0         0.36653        0.087895         0.28891        0.025722         0.49926         0.24789             4.5               
         A        157        GLN         0.29869         0.56127               0               0          1.4557               0         0.85003         0.33717          1.0995         0.24677          1.5108         0.43722            -3.5               
         A        158        LYS         0.13705         0.38765               0               0          1.2335               0         0.93008         0.29636          1.1656         0.16626          1.4232         0.51013            -3.9               
         A        159        ILE          1.2947          1.2304          1.9174          1.3395          3.6493               0         0.31283         0.15343         0.17337        0.033083         0.54369         0.12042             4.5               
         A        160        PRO         0.71948         0.87182               0               0          2.2439               0         0.34931        0.068607         0.29754         0.06497         0.43722         0.24789             1.6               
         A        161        GLY               0               0               0               0               0               0         0.62462         0.10172               0               0         0.79653         0.54369            -0.4               
         A        162        LEU         0.18969         0.50187         0.37938         0.65711          1.5175               0         0.60984         0.29127         0.35527         0.13256          1.0633         0.17739             3.8               
         A        163        LYS               0               0               0               0               0               0          2.7988          2.2521          4.1246          2.2732          8.0608          1.0233            -3.9               
         A        164        GLU         0.13895         0.39301         0.25011         0.50022          1.2505               0         0.78198         0.21497         0.62298         0.13333           1.084         0.51013            -3.5               
         A        165        LYS               0               0               0               0               0               0          1.3952         0.53649           1.706         0.49751          2.4733         0.75124            -3.9               
         A        166        PRO               0               0               0               0               0               0         0.75207         0.23783          0.5036        0.033041           1.105         0.45733             1.6               
         A        167        ASP         0.49098         0.87774               0               0          2.3986               0          1.4731         0.46241          1.8292          0.3867          2.4164         0.87746            -3.5               
         A        168        PRO         0.38528         0.61258               0               0          1.4691               0          1.6038         0.42404          2.0703         0.13037          2.2061           1.105             1.6               
         A        169        LYS         0.16112          0.4557               0               0            1.45               0          2.2448         0.79076          2.8459         0.54965          3.8465          1.3682            -3.9               
         A        170        THR         0.76464          0.9277         0.47805         0.67606          2.3971               0         0.96224         0.24394          1.0013         0.24347          1.3155         0.64093            -0.7               
         A        171        VAL          1.0771         0.99551               0               0          2.4203               0         0.51674        0.089093         0.43755         0.02161         0.68063         0.41767             4.2               
         A        172        GLU               0               0               0               0               0               0          1.6689         0.62941          2.1539         0.41101           2.789         0.84423            -3.5               
         A        173        GLU          0.1478         0.41803               0               0          1.3302               0          1.2549          0.2914          1.4599         0.22622          1.8548         0.87746            -3.5               
         A        174        VAL          1.3271          0.9368           1.341           1.029           2.501               0         0.40742         0.12511         0.29463        0.084833         0.60306         0.19084             4.2               
         A        175        ASP         0.49228         0.63871         0.31249         0.54125          1.4593               0         0.68666         0.14499         0.69124         0.13083         0.86069         0.48855            -3.5               
         A        176        GLY               0               0               0               0               0               0            1.21         0.14834               0               0          1.3415         0.96601            -0.4               
         A        177        LYS         0.13693          0.3873               0               0          1.2324               0          1.2174         0.52707          1.4913         0.55102          2.4733         0.65395            -3.9               
         A        178        LEU          1.5454           0.992          1.6219           1.017          2.4905               0         0.36906         0.26291         0.12268          0.1099         0.68063        0.036804             3.8               
         A        179        LYS         0.16243         0.45942               0               0          1.4619               0          1.1611         0.23349          1.1271         0.10098          1.6379         0.75124            -3.9               
         A        180        SER         0.22141         0.49508               0               0          1.3284               0          1.5461         0.28237          1.9159        0.061173          1.9771           1.217            -0.8               
         A        181        LEU         0.19056         0.50417         0.38112         0.66012          1.5245               0         0.86801          0.3617         0.54424         0.13152          1.4809         0.33588             3.8               
         A        182        PRO               0               0               0               0               0               0          1.4836         0.27844          1.5127         0.31177          1.8162           1.084             1.6               
         A        183        LYS               0               0               0               0               0               0          2.6076         0.86168           3.282         0.51435          3.8465          1.4232            -3.9               
         A        184        GLU          0.5849         0.86985               0               0          2.4036               0          1.8301         0.44564           2.138         0.24814          2.5931          1.0431            -3.5               
         A        185        LEU         0.67298          0.9071               0               0          2.3956               0         0.64285         0.20646          0.6676         0.17639         0.98474         0.36208             3.8               
         A        186        LYS         0.16206         0.45839               0               0          1.4586               0         0.97867         0.50449          1.2977         0.47717          2.1104         0.52115            -3.9               
         A        187        ARG         0.11194         0.35397               0               0          1.2313               0          1.6077         0.91622          2.1216         0.76759           3.168         0.61548            -4.5               
         A        188        TYR         0.77657          1.1409               0               0          3.0149               0         0.63695         0.41603         0.79713         0.42093          1.7421         0.20461            -1.3               
         A        189        LEU         0.94625          1.0043               0               0          2.4674               0         0.26766        0.074728         0.24018        0.077944         0.38012          0.1085             3.8               
         A        190        HIS         0.35789         0.74457               0               0           2.248               0          1.2053          0.5129          1.5888         0.25489          1.8944         0.53233            -3.2               
         A        191        ILE         0.34376         0.59973         0.37973         0.65771          1.5189               0         0.40987         0.15794         0.50426         0.14061         0.68063         0.21161             4.5               
         A        192        ALA           3.034          0.6567          4.2212               0          4.2212          2.2402        0.080343        0.043213        0.085404               0         0.15776        0.026589             1.8               
         A        193        ARG         0.47314         0.81843               0               0          2.4453               0          0.5045         0.28875         0.66842           0.238         0.96601         0.17077            -4.5               
         A        194        GLU          0.1369          0.3872               0               0          1.2321               0         0.82341         0.50471          1.1908         0.38749          1.8162         0.26302            -3.5               
         A        195        GLY         0.36267         0.62816               0               0          1.4507               0         0.11561        0.036295               0               0         0.15776        0.074214            -0.4               
         A        196        GLU          0.8585         0.83452         0.55338         0.68285          2.3991               0        0.078914        0.032813        0.081023        0.036703         0.13878        0.026589            -3.5               
         A        197        ALA           1.008         0.88172               0               0           2.253               0         0.26328        0.063889          0.3445               0          0.3445         0.15776             1.8               
         A        198        ALA          0.7858          1.0011               0               0          2.4006               0         0.28426        0.036355          0.2864               0         0.33588         0.24046             1.8               
         A        199        ARG          1.2371          1.0117         0.73634         0.89316          2.4461               0         0.15352        0.069199         0.16404        0.081142         0.32737        0.068705            -4.5               
         A        200        GLN         0.82415         0.97722         0.69646         0.91109           2.409               0         0.20514        0.039164         0.18404         0.03949         0.25541         0.12647            -3.5               
         A        201        HIS         0.26857          0.5394               0               0          1.4531               0         0.55619         0.23257          0.7194         0.15147         0.92961         0.26302            -3.2               
         A        202        LEU          0.5628         0.72678          0.7603         0.76031          1.5269               0         0.11629        0.076063        0.050304        0.031546         0.24789               0             3.8               
         A        203        ILE         0.84608         0.89546         0.38046         0.65898          2.3974               0         0.10071        0.033802        0.079881        0.010399         0.18408        0.063253             4.5               
         A        204        GLU          1.1272         0.88033         0.99294         0.86761          2.4237               0         0.23787        0.084889         0.29919        0.065577         0.41767         0.14504            -3.5               
         A        205        ALA               0               0               0               0               0               0         0.23109        0.033369          0.2187               0         0.29439         0.20461             1.8               
         A        206        ASN         0.84392         0.89302         0.37726         0.65343           2.391               0         0.10714        0.030427         0.11911         0.01485         0.14504        0.052513            -3.5               
         A        207        LEU          1.1515         0.98304          1.0048          1.0634          2.5022               0        0.062467        0.045591        0.024233        0.013041         0.13878       0.0067513             3.8               
         A        208        ARG         0.24417         0.52021               0               0          1.4561               0         0.62982         0.30807         0.81229         0.23381           1.105         0.21161            -4.5               
         A        209        LEU          0.6805         0.91429         0.37982         0.65787          2.3994               0         0.32588        0.099355         0.33982         0.12216         0.54369          0.2187             3.8               
         A        210        VAL          2.1347         0.99224          1.3272          1.0202          3.1674               0        0.069631        0.057757       0.0088629        0.012534         0.15776               0             4.2               
         A        211        VAL           1.468          1.0374         0.50359         0.71218           2.762               0           0.299         0.10165         0.29972         0.10213         0.42738         0.15776             4.2               
         A        212        SER         0.20485         0.45805               0               0          1.2291               0         0.76301         0.20936          1.0263        0.078693           1.105         0.51013            -0.8               
         A        213        ILE          1.5499          1.2869         0.37867         0.65588          3.2154               0         0.28199        0.075798           0.218         0.03601         0.40809         0.16423             4.5               
         A        214        ALA           3.364         0.70149          4.3904               0          4.3904          2.4377         0.20154        0.079619         0.10263               0         0.30248         0.10263             1.8               
         A        215        LYS         0.29904         0.56208               0               0          1.4607               0          1.1098         0.33619          1.3023         0.28866          1.6718          0.5669            -3.9               
         A        216        LYS         0.16257         0.45982               0               0          1.4632               0          1.1466          0.2538           1.345        0.090414          1.4517         0.73665            -3.9               
         A        217        TYR         0.96855         0.88276         0.83886         0.89211          2.4141               0         0.46487         0.12408         0.41503         0.12322         0.64093         0.24046            -1.3               
         A        218        THR         0.20839         0.51044               0               0          1.4587               0          1.0114          0.2858         0.94228         0.21559          1.4517         0.66718            -0.7               
         A        219        GLY               0               0               0               0               0               0          2.0374         0.42725               0               0          2.6561          1.4517            -0.4               
         A        220        ARG         0.12124         0.38341               0               0          1.3337               0          1.3132         0.22209          1.2403         0.14558          1.7065         0.96601            -4.5               
         A        221        GLY               0               0               0               0               0               0          1.7216         0.12829               0               0          1.8548          1.5108            -0.4               
         A        222        LEU         0.54796         0.70978         0.76403         0.76404           1.533               0         0.66999         0.24816         0.46565         0.14587           1.084         0.31897             3.8               
         A        223        SER         0.59713         0.88568               0               0          2.2539               0           1.027         0.28715          1.3442        0.079018          1.4232         0.57877            -0.8               
         A        224        PHE         0.45855          0.7784               0               0          2.2519               0         0.54543         0.12901         0.56531        0.052907         0.81215         0.27072             2.8               
         A        225        LEU          1.0264          1.1042         0.37959         0.65748          2.7861               0         0.66203         0.19606         0.78416         0.19991           1.084         0.40809             3.8               
         A        226        ASP          0.3361         0.58509               0               0          1.4618               0         0.89281         0.41236          1.2321         0.29198          1.4809         0.38932            -3.5               
         A        227        LEU           3.514         0.70181          4.1118         0.19847          4.2742          2.2403        0.092113        0.084738         0.11391        0.066902         0.23312               0             3.8               
         A        228        ILE          1.8931          1.2931         0.75778         0.75778          3.7057               0        0.070969        0.041281         0.09772        0.031715         0.15137        0.011638             4.5               
         A        229        GLN          1.2417          1.2076         0.30232         0.60464          3.1742               0         0.52443         0.25426         0.72115         0.16534         0.96601         0.19769            -3.5               
         A        230        GLU         0.90475          1.1134         0.30462         0.60924          2.9857               0         0.24535         0.16702         0.34284         0.15736          0.5669        0.026589            -3.5               
         A        231        GLY          2.8413         0.40728               0               0          3.3626          2.2451               0               0               0               0               0               0            -0.4               
         A        232        ASN          1.0875         0.93661         0.86959         0.94091           2.462               0        0.063617        0.037328        0.075105        0.031292         0.12647               0            -3.5               
         A        233        GLN         0.16213         0.45858               0               0          1.4592               0          0.4475         0.21063          0.5921         0.17595         0.89452          0.2187            -3.5               
         A        234        GLY           2.629         0.87521               0               0          3.7044          1.3304        0.062308        0.049412               0               0         0.12647               0            -0.4               
         A        235        LEU          2.0961          1.3328          1.0071          1.0658          3.4928               0       0.0094414        0.015919       0.0016878       0.0029234        0.047224               0             3.8               
         A        236        ILE          1.1463          1.1904               0               0          2.7406               0         0.25729          0.1098         0.29412         0.11384         0.46759        0.091087             4.5               
         A        237        ARG         0.62798         0.86312          0.2178         0.53351           2.398               0         0.48312         0.15584          0.5409         0.16579         0.86069         0.31897            -4.5               
         A        238        ALA          3.1699         0.79816          4.4083               0          4.4083           2.431          0.1188        0.059008        0.021556               0         0.19769        0.021556             1.8               
         A        239        VAL         0.38376          0.6099               0               0          1.4584               0         0.11168        0.040658        0.082564        0.031745         0.16423        0.052513             4.2               
         A        240        GLU         0.16238         0.45927               0               0          1.4614               0         0.65286         0.18964         0.78199         0.10972         0.89452         0.27851            -3.5               
         A        241        LYS         0.14778         0.41797               0               0            1.33               0          1.1311         0.40436          1.3935         0.35287          1.8548         0.61548            -3.9               
         A        242        PHE         0.51146         0.67803         0.39537         0.62514          1.5271               0         0.23979         0.12458         0.16341        0.067757         0.49926        0.085404             2.8               
         A        243        GLU         0.28509         0.53385               0               0          1.3317               0          0.9527          0.3702          1.2618         0.15891          1.4809         0.42738            -3.5               
         A        244        TYR         0.45479         0.64503         0.34634         0.59989          1.4592               0          0.7588         0.26938         0.84571         0.26356          1.3415         0.39864            -1.3               
         A        245        LYS               0               0               0               0               0               0          1.9137         0.49059          2.1648         0.41151          2.7214           1.084            -3.9               
         A        246        ARG         0.12097         0.38254               0               0          1.3307               0          1.9295          0.6131          2.2826         0.45365           3.253         0.89452            -4.5               
         A        247        GLY               0               0               0               0               0               0          1.6793         0.14176               0               0          1.8548          1.5108            -0.4               
         A        248        PHE          0.2325         0.49365               0               0          1.3278               0         0.91545         0.28103          1.0201         0.25914          1.3954         0.44721             2.8               
         A        249        ALA         0.71405         0.92081               0               0          2.2409               0         0.59788         0.15477         0.86069               0         0.86069         0.42738             1.8               
         A        250        PHE          1.6222         0.91127          1.8286         0.90185          2.7778               0         0.10007         0.11948        0.013012        0.031874         0.30248               0             2.8               
         A        251        SER         0.24315         0.54369               0               0          1.4589               0         0.54383         0.16005         0.70219          0.1585         0.86069         0.37104            -0.8               
         A        252        THR         0.39477         0.62482         0.47819         0.67626          1.4346               0          1.0687         0.35019          1.4421         0.15276          1.6379         0.66718            -0.7               
         A        253        TYR         0.79573          0.8378         0.53597         0.69298          2.4048               0         0.34273         0.12195         0.31199        0.092238         0.62811         0.15776            -1.3               
         A        254        ALA          3.2429         0.48044          3.6237               0          3.8096          2.4181        0.079862        0.036775        0.063253               0         0.15137        0.047224             1.8               
         A        255        THR           1.088          1.0099               0               0          2.4957               0         0.34419         0.17249         0.52747         0.10018         0.66718         0.17077            -0.7               
         A        256        TRP          0.2802         0.70588               0               0          2.3978               0         0.87321         0.40052          1.0751         0.28199          1.5414         0.29439            -0.9               
         A        257        TRP           1.831          1.4307          1.2282          1.1887          4.1298               0           0.332         0.21299           0.402         0.21266         0.82805        0.096829            -0.9               
         A        258        ILE          4.0175          0.3818          3.9365         0.34815          4.5139          3.5328       0.0010828        0.002232               0               0       0.0067513               0             4.5               
         A        259        ARG         0.90563          1.2709               0               0          3.5135               0         0.70622         0.53499         0.99196         0.47347          1.9352         0.13878            -4.5               
         A        260        GLN         0.71821         0.87177         0.24612         0.49224          2.4715               0         0.51678         0.14938         0.61046          0.1387         0.79653         0.35323            -3.5               
         A        261        ALA         0.53904         0.66417               0               0          1.4625               0         0.17169        0.051188        0.096829               0         0.24789        0.096829             1.8               
         A        262        ILE          3.6424         0.85896          4.4426          0.2287          4.8349           2.255        0.069331        0.071637        0.010791        0.011357         0.19084               0             4.5               
         A        263        ASN         0.65553         0.90623               0               0          2.4759               0         0.53184         0.14037         0.61918         0.07793         0.73665          0.2864            -3.5               
         A        264        ARG         0.24457         0.52113               0               0          1.4603               0          1.3503          0.7659          1.7132         0.74109          3.0862         0.53233            -4.5               
         A        265        ALA         0.53747         0.66203               0               0          1.4551               0         0.50013         0.10387         0.33588               0         0.65395         0.33588             1.8               
         A        266        ILE         0.66313          0.8819         0.38099          0.6599          2.2574               0         0.49146          0.1942         0.35345        0.056945         0.89452         0.27851             4.5               
         A        267        ALA         0.26556         0.53113               0               0          1.3278               0          1.2934         0.34674           1.217               0          1.8162         0.79653             1.8               
         A        268        ASP         0.16639         0.44022               0               0          1.3311               0          1.6642         0.22313          1.6114          0.1313          2.1104          1.3682            -3.5               
         A        269        GLN               0               0               0               0               0               0          1.9198         0.68051          1.4643         0.39558           3.253          1.0038            -3.5               
         A        270        ALA               0               0               0               0               0               0          2.8654         0.70252          2.0203               0          4.0829          2.0203             1.8               
         A        271        ARG               0               0               0               0               0               0          2.9483         0.91589          2.4958          0.4978          4.9542          1.9771            -4.5               
         B         93        SER               0               0               0               0               0               0          2.9428         0.37965          2.9727         0.11351          3.6311          2.4164            -0.8               
         B         94        ASP         0.48949         0.87557               0               0          2.3954               0          2.1735         0.42228          2.1195         0.30653          2.7214          1.5728            -3.5               
         B         95        PRO         0.20922         0.51248               0               0          1.4645               0          1.8424         0.69781           2.429         0.51402          2.8592         0.87746             1.6               
         B         96        VAL         0.75228         0.92115               0               0          2.4077               0         0.78559         0.11181         0.78279        0.053159          1.0233         0.65395             4.2               
         B         97        ARG         0.49043         0.83214               0               0          2.4089               0          1.7915         0.67277          2.2097         0.47818           3.168         0.98474            -4.5               
         B         98        GLN         0.29838         0.56073               0               0          1.4553               0          1.2862         0.38266          1.5675         0.25314          1.9352         0.73665            -3.5               
         B         99        TYR         0.78814         0.83021         0.69302         0.69303          2.3942               0         0.24167         0.17007         0.14369         0.10301         0.57877               0            -1.3               
         B        100        LEU         0.68201         0.91774          0.3792         0.65679          2.4165               0         0.50669        0.094679         0.48254         0.10235         0.61548          0.3445             3.8               
         B        101        HIS         0.25591         0.51225               0               0          1.3264               0          1.2391         0.36295          1.4795         0.26175          1.8548         0.75124            -3.2               
         B        102        GLU         0.29958         0.56308               0               0          1.4631               0         0.68411        0.093395         0.69851         0.11023         0.87746         0.57877            -3.5               
         B        103        ILE         0.81821         0.86005         0.37973         0.65771          2.2497               0         0.32605         0.12175         0.21331        0.045046         0.48855         0.14504             4.5               
         B        104        GLY         0.36224         0.62742               0               0           1.449               0         0.99088         0.26329               0               0          1.3682         0.66718            -0.4               
         B        105        GLU         0.14792         0.41839               0               0          1.3313               0          1.5349         0.26704          1.7434        0.061483          1.8548          1.0038            -3.5               
         B        106        VAL         0.18947         0.46411               0               0          1.3263               0         0.67463         0.25824         0.38775        0.045504         0.98474         0.32737             4.2               
         B        107        LEU         0.15345         0.40599               0               0          1.2276               0          1.8099         0.88272          2.5742         0.57113           3.434         0.68063             3.8               
         B        108        GLU               0               0               0               0               0               0          1.3614         0.33037          1.4311         0.34552          2.1104         0.96601            -3.5               
         B        109        LEU         0.19064          0.5044         0.38129         0.66041          1.5252               0         0.80695         0.20338         0.63796         0.12489           1.084         0.44721             3.8               
         B        110        ASP          0.1537         0.40665               0               0          1.2296               0           1.542         0.51028          2.0082         0.24817          2.3613         0.82805            -3.5               
         B        111        LYS          0.1366         0.38637               0               0          1.2294               0          1.3162            0.53          1.6033         0.52124          2.5931         0.60306            -3.9               
         B        112        TRP         0.10461         0.37718               0               0          1.4646               0          2.3153          1.0245          2.8055         0.78983          3.9618          0.9119            -0.9               
         B        113        ALA         0.24582         0.49164               0               0          1.2291               0         0.89447         0.25796           1.105               0          1.1708         0.53233             1.8               
         B        114        GLU           1.229          1.1994         0.30426         0.60853          3.2262               0         0.30767        0.091998         0.29649        0.051623         0.52115         0.18408            -3.5               
         B        115        LEU         0.68761         0.92756         0.37944          0.6572          2.4549               0         0.38772        0.066264         0.41044        0.082485         0.53233         0.31897             3.8               
         B        116        GLY               0               0               0               0               0               0         0.63884        0.085387               0               0         0.76608         0.55521            -0.4               
         B        117        ALA         0.78419         0.99934               0               0          2.3971               0         0.24615        0.095304         0.24789               0         0.39864         0.12042             1.8               
         B        118        ALA         0.53683         0.66159               0               0          1.4585               0         0.18045        0.045369         0.12647               0         0.23312         0.12647             1.8               
         B        119        ALA         0.99851         0.87921               0               0          2.2415               0         0.57096         0.13404         0.79653               0         0.79653         0.38932             1.8               
         B        120        LYS         0.13671         0.38666               0               0          1.2304               0         0.58214         0.28587         0.76317         0.26549          1.1937         0.29439            -3.9               
         B        121        VAL         0.71958         0.87658               0               0          2.2539               0          0.1532        0.064445        0.086144        0.028604         0.24046        0.063253             4.2               
         B        122        GLU         0.99314          1.1492               0               0          2.7403               0         0.55594         0.19633         0.68512         0.12869         0.82805         0.19084            -3.5               
         B        123        GLU         0.29864         0.56113               0               0          1.4545               0         0.67184         0.26696         0.87596          0.1658           1.105         0.31897            -3.5               
         B        124        GLY         0.67048         0.67509               0               0          1.4524               0          0.1298        0.062744               0               0         0.23312        0.074214            -0.4               
         B        125        MET         0.35624         0.61896               0               0          1.5225               0         0.32477        0.085767         0.35679        0.068203         0.42738         0.16423             1.9               
         B        126        GLU         0.14745         0.41704               0               0           1.327               0          0.9016         0.39485          1.1794         0.32321          1.6718         0.48855            -3.5               
         B        127        ALA         0.78378         0.99865               0               0          2.3949               0         0.20662         0.06453         0.22587               0         0.31068         0.12647             1.8               
         B        128        ILE          1.3939          1.1915         0.37823         0.65511          3.1964               0        0.086257        0.063421        0.045222         0.04572         0.17739       0.0019112             4.5               
         B        129        LYS         0.58093         0.87602               0               0          2.4673               0          1.1446           0.723          1.6308         0.62775          2.5322         0.31897            -3.9               
         B        130        LYS         0.16177         0.45756               0               0          1.4559               0           0.831         0.46953          1.0885         0.49557          1.8944         0.42738            -3.9               
         B        131        LEU           1.354         0.88084          1.3906         0.89788          2.5106               0         0.13894         0.10591        0.039425        0.023666         0.29439               0             3.8               
         B        132        SER         0.65794         0.96564               0               0          2.4211               0           0.634         0.17819         0.66889        0.053404         0.87746         0.32737            -0.8               
         B        133        GLU         0.14792         0.41838               0               0          1.3313               0          1.4635         0.39197           1.618          0.3603          2.2562         0.87746            -3.5               
         B        134        ALA               0               0               0               0               0               0          1.0204         0.27775         0.66718               0          1.5108         0.66718             1.8               
         B        135        THR           1.112          1.0402          2.1511         0.43871          2.4981               0          0.7635         0.25851         0.52095         0.10629          1.1937         0.41767            -0.7               
         B        136        GLY         0.33255         0.57599               0               0          1.3302               0          1.2908         0.17505               0               0          1.5414          1.0633            -0.4               
         B        137        LEU         0.54637         0.70755         0.76056         0.76056          1.5221               0         0.69911         0.15585         0.61301         0.18267          0.9119         0.41767             3.8               
         B        138        ASP         0.44792         0.80932               0               0          2.2525               0          1.1743         0.40534          1.5587        0.064735          1.6379          0.5669            -3.5               
         B        139        GLN         0.29917         0.56238               0               0          1.4625               0         0.65159         0.16628         0.74674         0.13612         0.98474         0.38012            -3.5               
         B        140        GLU         0.39676         0.77295               0               0          2.2427               0          1.0001         0.24162           1.159         0.20328          1.4232         0.65395            -3.5               
         B        141        LEU         0.67994         0.91363         0.37943         0.65719          2.3983               0         0.59002         0.17817         0.61814        0.065414          0.9119         0.31068             3.8               
         B        142        ILE          3.5926         0.68517          4.1658         0.18611          4.4852          2.4269         0.13419        0.079792         0.11042        0.059888         0.30248        0.011638             4.5               
         B        143        ARG          0.5944         0.83865         0.18955         0.46431          2.4507               0         0.40224         0.18344         0.49675         0.16815         0.73665         0.22587            -4.5               
         B        144        GLU         0.13683         0.38702               0               0          1.2315               0         0.48169         0.22616         0.63754         0.18124         0.92961         0.21161            -3.5               
         B        145        VAL          1.6441          1.1006         0.50771         0.71801          2.7896               0         0.17236         0.02729         0.16922        0.027193         0.20461          0.1326             4.2               
         B        146        VAL          1.3417         0.93549          1.3381          1.0266          2.4949               0         0.12937        0.065517        0.069695        0.032776         0.24046        0.036804             4.2               
         B        147        ARG         0.95126          1.1078         0.18945         0.46405           2.756               0         0.18256        0.057707         0.17378         0.06973         0.31897        0.085404            -4.5               
         B        148        ALA         0.29128         0.58255               0               0          1.4564               0         0.31517        0.062296         0.30248               0         0.42738         0.24789             1.8               
         B        149        LYS          0.1481         0.41889               0               0          1.3329               0         0.85168         0.35037         0.99847         0.38608          1.6379         0.43722            -3.9               
         B        150        ILE         0.50929          0.6613         0.37795         0.65463          1.5118               0          0.4219         0.10756         0.32756        0.015693         0.60306         0.30248             4.5               
         B        151        LEU         0.33628         0.58519               0               0          1.4582               0         0.38785           0.199         0.23076        0.039994         0.75124         0.18408             3.8               
         B        152        GLY               0               0               0               0               0               0           1.349          0.4125               0               0          1.8548         0.75124            -0.4               
         B        153        THR         0.19031         0.46617               0               0          1.3322               0          1.6708         0.37064           1.878         0.47968          2.5322          1.3954            -0.7               
         B        154        ALA         0.26569         0.53137               0               0          1.3284               0          1.0268          0.2581         0.54369               0          1.3155         0.54369             1.8               
         B        155        ALA         0.24616         0.49232               0               0          1.2308               0         0.85637        0.065909         0.79653               0         0.96601         0.78118             1.8               
         B        156        ILE            1.01         0.82405         0.75965         0.75967           2.256               0         0.36847        0.085693         0.29501         0.02782         0.49926         0.24789             4.5               
         B        157        GLN         0.29848         0.56095               0               0          1.4565               0         0.84974         0.33678          1.0995         0.24677          1.5108         0.44721            -3.5               
         B        158        LYS         0.13677         0.38684               0               0          1.2309               0         0.92698         0.29129            1.16         0.15778          1.3954         0.51013            -3.9               
         B        159        ILE          2.2161          1.0023          1.9066          1.3319          3.6288               0         0.31212         0.15513         0.17158         0.03043         0.55521         0.12042             4.5               
         B        160        PRO         0.93509         0.85438         0.49948         0.70638          2.2504               0         0.35207        0.071297         0.30065        0.069361         0.44721         0.24789             1.6               
         B        161        GLY               0               0               0               0               0               0         0.62853         0.10833               0               0         0.81215         0.54369            -0.4               
         B        162        LEU         0.18886         0.49968         0.37772         0.65423          1.5109               0         0.61434         0.29114         0.36048         0.13727          1.0633         0.17739             3.8               
         B        163        LYS               0               0               0               0               0               0          2.7988          2.2521          4.1246          2.2732          8.0608          1.0233            -3.9               
         B        164        GLU         0.13906         0.39332         0.25031         0.50061          1.2515               0         0.78198         0.21497         0.62298         0.13333           1.084         0.51013            -3.5               
         B        165        LYS               0               0               0               0               0               0          1.3904          0.5275          1.7015         0.48004          2.4164         0.75124            -3.9               
         B        166        PRO         0.19235         0.47116               0               0          1.3465               0         0.75063         0.23964         0.50023        0.037771           1.105         0.44721             1.6               
         B        167        ASP         0.49149          0.8786               0               0          2.4007               0          1.4687         0.45904          1.8193         0.38541          2.4164         0.87746            -3.5               
         B        168        PRO          0.3856           0.613               0               0          1.4685               0          1.6105         0.43232           2.086         0.13693          2.2061           1.105             1.6               
         B        169        LYS          0.1613         0.45621               0               0          1.4517               0          2.2448         0.79076          2.8459         0.54965          3.8465          1.3682            -3.9               
         B        170        THR         0.76467         0.92772         0.47792         0.67588          2.3971               0         0.96022         0.24597         0.99657         0.24889          1.3155         0.64093            -0.7               
         B        171        VAL          1.0773         0.99631               0               0          2.4212               0         0.51852          0.0909         0.43755         0.02161         0.68063         0.41767             4.2               
         B        172        GLU               0               0               0               0               0               0          1.6638         0.63325          2.1539         0.41101           2.789         0.84423            -3.5               
         B        173        GLU         0.14771          0.4178               0               0          1.3294               0          1.2477         0.28159          1.4469         0.21524          1.8162         0.87746            -3.5               
         B        174        VAL          1.3239         0.93381          1.3341          1.0233          2.4868               0         0.40723         0.12413         0.29421        0.081237         0.60306         0.19084             4.2               
         B        175        ASP          0.4919         0.63808         0.31252         0.54131           1.455               0         0.68602         0.15048           0.686         0.13901         0.86069         0.46759            -3.5               
         B        176        GLY               0               0               0               0               0               0            1.21         0.14834               0               0          1.3415         0.96601            -0.4               
         B        177        LYS         0.13676         0.38682               0               0          1.2309               0          1.2262         0.53004          1.5034         0.55158          2.4733         0.65395            -3.9               
         B        178        LEU          1.5448         0.99125          1.6205          1.0161          2.4903               0         0.36975         0.26142         0.12472         0.11329         0.66718        0.041988             3.8               
         B        179        LYS         0.16207          0.4584               0               0          1.4586               0          1.1562         0.23381          1.1224        0.097185          1.6379         0.75124            -3.9               
         B        180        SER         0.22137           0.495               0               0          1.3282               0          1.5461         0.28237          1.9159        0.061173          1.9771           1.217            -0.8               
         B        181        LEU         0.19019         0.50319         0.38038         0.65883          1.5215               0         0.86961         0.36066         0.54744         0.13366          1.4809         0.33588             3.8               
         B        182        PRO               0               0               0               0               0               0          1.4782         0.27228          1.5127         0.31177          1.8162           1.084             1.6               
         B        183        LYS               0               0               0               0               0               0          2.6076         0.86168           3.282         0.51435          3.8465          1.4232            -3.9               
         B        184        GLU         0.58525         0.87048               0               0          2.4058               0          1.8347         0.44694          2.1463         0.24177          2.5931          1.0431            -3.5               
         B        185        LEU         0.86461         0.90673         0.38285         0.66311          2.3966               0         0.64056         0.20292         0.66301         0.16863         0.98474         0.36208             3.8               
         B        186        LYS         0.16202         0.45826               0               0          1.4582               0         0.98047         0.50398          1.3009         0.47402          2.1104         0.52115            -3.9               
         B        187        ARG          0.1118         0.35354               0               0          1.2298               0           1.601         0.90684          2.1112         0.75696           3.168         0.61548            -4.5               
         B        188        TYR         0.77577          1.1399               0               0          3.0145               0          0.6381          0.4161         0.79758         0.42138          1.7421         0.21161            -1.3               
         B        189        LEU         0.94651          1.0043               0               0          2.4646               0         0.26669        0.074631         0.23823        0.077053         0.38012          0.1085             3.8               
         B        190        HIS         0.35818         0.74524               0               0          2.2503               0          1.2053          0.5129          1.5888         0.25489          1.8944         0.53233            -3.2               
         B        191        ILE         0.34338         0.59906         0.37921         0.65682          1.5168               0         0.41563         0.15793          0.5123         0.14105         0.69429          0.2187             4.5               
         B        192        ALA           1.841          1.1353          3.3261               0          3.3261               0         0.08245        0.041563        0.085404               0         0.15776        0.031671             1.8               
         B        193        ARG         0.45558         0.77701               0               0          2.2525               0         0.50531         0.28841         0.66865         0.23838         0.96601         0.17077            -4.5               
         B        194        GLU         0.13692         0.38728               0               0          1.2323               0         0.82556         0.51492          1.1985         0.40004          1.8548         0.26302            -3.5               
         B        195        GLY         0.36263          0.6281               0               0          1.4505               0         0.11722        0.038229               0               0         0.16423        0.074214            -0.4               
         B        196        GLU         0.85911         0.83445          0.5553         0.68547          2.3947               0        0.077158        0.034408        0.079967        0.037635         0.13878        0.026589            -3.5               
         B        197        ALA          1.0065         0.88001               0               0          2.2472               0          0.2651        0.066489          0.3445               0          0.3445         0.15137             1.8               
         B        198        ALA         0.78584          1.0007               0               0           2.398               0          0.2843        0.036918          0.2864               0         0.33588         0.23312             1.8               
         B        199        ARG          1.0289          1.0092         0.40841         0.64803          2.4497               0         0.15303        0.069867         0.16323        0.081852         0.32737        0.063253            -4.5               
         B        200        GLN         0.82444         0.97774         0.69607         0.91083          2.4115               0         0.20603        0.041119         0.18404         0.03949         0.27072         0.12647            -3.5               
         B        201        HIS         0.26875          0.5398               0               0          1.4553               0         0.55509         0.22848         0.71469         0.15021          0.9119         0.26302            -3.2               
         B        202        LEU          1.1416         0.97856          1.6105          1.0082          2.4816               0         0.11402        0.075489        0.047618        0.030734         0.24046               0             3.8               
         B        203        ILE         0.86347         0.90639         0.38141         0.66061          2.4005               0        0.099995        0.033981        0.078417        0.006059         0.18408        0.068705             4.5               
         B        204        GLU          1.1277         0.88053          0.9936         0.86828          2.4221               0         0.23848        0.083535          0.2977        0.066721         0.41767         0.14504            -3.5               
         B        205        ALA               0               0               0               0               0               0         0.23244        0.031269          0.2187               0          0.2864         0.20461             1.8               
         B        206        ASN         0.84476         0.89349         0.37894         0.65634          2.3894               0          0.1101         0.03082         0.12069        0.017272         0.15137        0.052513            -3.5               
         B        207        LEU          1.1503         0.98153          1.0013          1.0589          2.4899               0        0.064017        0.048128        0.022852       0.0065303         0.15137        0.016573             3.8               
         B        208        ARG         0.24439         0.52061               0               0          1.4558               0         0.62951         0.30591         0.81257         0.22683           1.105         0.20461            -4.5               
         B        209        LEU         0.68054         0.91473         0.37887         0.65622          2.4028               0         0.32588        0.099355         0.33982         0.12216         0.54369          0.2187             3.8               
         B        210        VAL          2.1399         0.99096          1.3367          1.0257          3.1536               0        0.070357        0.057241        0.010557         0.01493         0.15776               0             4.2               
         B        211        VAL          1.0835           1.006               0               0          2.4803               0          0.3002         0.10172         0.30191        0.098291         0.41767         0.15776             4.2               
         B        212        SER         0.20571         0.45999               0               0          1.2343               0          0.7553         0.19456         0.99647        0.066868          1.0633         0.51013            -0.8               
         B        213        ILE          1.5543          1.2914         0.37902         0.65649          3.2343               0         0.28186        0.074842         0.21773         0.03122         0.40809         0.17077             4.5               
         B        214        ALA          3.3714         0.70954          4.4085               0          4.4085          2.4356         0.20022        0.080063         0.10263               0         0.30248         0.10263             1.8               
         B        215        LYS         0.16215         0.45863               0               0          1.4593               0          1.1129         0.33892          1.3078         0.29067          1.6718          0.5669            -3.9               
         B        216        LYS         0.14784         0.41815               0               0          1.3305               0          1.1445         0.25518          1.3452        0.092795          1.4517         0.73665            -3.9               
         B        217        TYR         0.96786         0.88215          0.8377         0.89085          2.4106               0         0.46487         0.12408         0.41503         0.12322         0.64093         0.24046            -1.3               
         B        218        THR          0.2083         0.51024               0               0          1.4581               0          1.0031         0.28438         0.92721         0.19838          1.4517         0.65395            -0.7               
         B        219        GLY               0               0               0               0               0               0          2.0374         0.42725               0               0          2.6561          1.4517            -0.4               
         B        220        ARG         0.12106         0.38284               0               0          1.3317               0          1.3442         0.21519          1.2532         0.13932          1.7421         0.98474            -4.5               
         B        221        GLY               0               0               0               0               0               0          1.7574          0.1285               0               0          1.8548          1.5414            -0.4               
         B        222        LEU         0.54764         0.70924         0.76271         0.76272          1.5296               0         0.68142         0.24512         0.48678         0.15025           1.105         0.33588             3.8               
         B        223        SER         0.59772         0.88665               0               0          2.2566               0          1.0213         0.28973          1.3442        0.079018          1.4232         0.57877            -0.8               
         B        224        PHE         0.45815         0.77781               0               0          2.2512               0          0.5463         0.12805         0.56526        0.052261         0.81215         0.27072             2.8               
         B        225        LEU          1.0262          1.1037         0.37997         0.65813          2.7842               0         0.66199         0.19591           0.787         0.19637           1.084         0.40809             3.8               
         B        226        ASP         0.33686         0.58633               0               0          1.4633               0         0.88994         0.41187          1.2285         0.29807          1.4809         0.39864            -3.5               
         B        227        LEU          3.5039         0.69702          4.0995         0.21315          4.2722          2.2495        0.095077        0.085729         0.11547        0.067536         0.24046               0             3.8               
         B        228        ILE           1.889          1.2893         0.75793         0.75793           3.697               0        0.072478        0.043128         0.10074        0.033935         0.15776        0.011638             4.5               
         B        229        GLN          1.2402          1.2051         0.30276         0.60551          3.1602               0         0.53028         0.26317         0.73168         0.17731          1.0038         0.19769            -3.5               
         B        230        GLU         0.90449          1.1132         0.30459         0.60917           2.986               0         0.24406         0.16532         0.33949         0.15757          0.5669        0.031671            -3.5               
         B        231        GLY          2.6812         0.26937               0               0          2.9813          2.2445               0               0               0               0               0               0            -0.4               
         B        232        ASN          1.0868         0.93549         0.86877         0.94009          2.4569               0        0.064382        0.038648        0.076635        0.033816          0.1326               0            -3.5               
         B        233        GLN         0.16092         0.45514               0               0          1.4482               0           0.443         0.20397         0.58562         0.16549         0.86069         0.21161            -3.5               
         B        234        GLY          1.8573          1.2998               0               0           3.527               0        0.059481        0.047988               0               0         0.12647               0            -0.4               
         B        235        LEU          2.0754          1.3208          1.0087          1.0678          3.5062               0       0.0087869        0.014386       0.0016878       0.0029234        0.041988               0             3.8               
         B        236        ILE          1.3327          1.1078         0.37801         0.65473          2.7268               0         0.25935         0.11079         0.29412         0.11384         0.46759        0.091087             4.5               
         B        237        ARG         0.62801         0.86315         0.21794         0.53384          2.3978               0         0.48465         0.15956         0.54329         0.17045         0.87746         0.31897            -4.5               
         B        238        ALA          3.1588         0.78941          4.3807               0          4.3807          2.4256         0.11863         0.05764        0.026589               0         0.19769        0.026589             1.8               
         B        239        VAL         0.38403         0.61014               0               0           1.456               0         0.11098        0.042546        0.082787        0.035492         0.16423        0.052513             4.2               
         B        240        GLU         0.16195         0.45806               0               0          1.4575               0         0.65067         0.19189         0.78199         0.10972         0.89452         0.27072            -3.5               
         B        241        LYS         0.14778         0.41799               0               0            1.33               0          1.1255         0.40773          1.3935         0.35287          1.8548         0.61548            -3.9               
         B        242        PHE         0.63756         0.69984         0.59371         0.68555          1.5282               0         0.24193         0.12582         0.16522         0.06737         0.51013        0.085404             2.8               
         B        243        GLU         0.28511         0.53388               0               0           1.331               0         0.95255            0.37          1.2618         0.15891          1.4809         0.42738            -3.5               
         B        244        TYR         0.45525         0.64564         0.34647         0.60012          1.4605               0         0.76249         0.26931         0.84747         0.26268          1.3415         0.39864            -1.3               
         B        245        LYS               0               0               0               0               0               0           1.917         0.48762          2.1648         0.41151          2.7214           1.084            -3.9               
         B        246        ARG         0.12104         0.38277               0               0          1.3315               0          1.9295          0.6131          2.2826         0.45365           3.253         0.89452            -4.5               
         B        247        GLY               0               0               0               0               0               0          1.6623         0.14227               0               0          1.8548          1.5108            -0.4               
         B        248        PHE         0.23276         0.49419               0               0          1.3287               0         0.91876         0.28909          1.0253          0.2707          1.4232         0.44721             2.8               
         B        249        ALA         0.71482         0.92182               0               0          2.2434               0         0.60253         0.15374         0.86069               0         0.86069         0.42738             1.8               
         B        250        PHE           1.623         0.91281          1.8306         0.90409          2.7838               0         0.09995         0.11884        0.013833        0.033883         0.30248               0             2.8               
         B        251        SER         0.24301         0.54339               0               0          1.4581               0          0.5393         0.15498         0.69396         0.15027         0.84423         0.37104            -0.8               
         B        252        THR         0.18996          0.4653               0               0          1.3297               0          1.0666         0.35206          1.4421         0.15276          1.6379         0.66718            -0.7               
         B        253        TYR         0.79533         0.83732         0.53597         0.69295          2.4034               0         0.34325         0.12093         0.31181        0.090951         0.62811         0.15776            -1.3               
         B        254        ALA          3.2317         0.47763          3.6022               0          3.8036          2.4141        0.079851        0.036615        0.068705               0         0.15137        0.047224             1.8               
         B        255        THR          1.0881          1.0103               0               0           2.497               0         0.34102         0.16784         0.52223        0.086504         0.64093         0.16423            -0.7               
         B        256        TRP         0.28016         0.70596               0               0          2.3994               0         0.87226         0.40102          1.0738         0.28393          1.5414         0.29439            -0.9               
         B        257        TRP          1.8287          1.4277          1.2289          1.1893          4.1195               0         0.32986         0.20877         0.39832          0.2084         0.81215        0.096829            -0.9               
         B        258        ILE          4.0069         0.37124          3.9287         0.33733           4.483          3.5483       0.0016937       0.0038105               0               0        0.011638               0             4.5               
         B        259        ARG         0.90678           1.273               0               0          3.5225               0         0.70919         0.53647         0.99666         0.47328          1.9352         0.13878            -4.5               
         B        260        GLN         0.71868         0.87267         0.24608         0.49216          2.4748               0         0.52037         0.14952         0.61144         0.14373         0.79653         0.36208            -3.5               
         B        261        ALA         0.53805         0.66291               0               0          1.4592               0         0.17415        0.049188         0.10263               0         0.24789         0.10263             1.8               
         B        262        ILE          3.6053         0.88529          4.4459         0.24272          4.8657          2.2561        0.070549        0.076025       0.0095568        0.010921         0.19769               0             4.5               
         B        263        ASN         0.65604          0.9073               0               0          2.4794               0         0.63415         0.16771         0.70428        0.072839         0.84423         0.31068            -3.5               
         B        264        ARG          0.2446         0.52118               0               0          1.4603               0          1.4902         0.72153           1.812         0.71523           3.168         0.66718            -4.5               
         B        265        ALA         0.24611         0.49222               0               0          1.2305               0          0.5869         0.13858          0.3445               0         0.76608          0.3445             1.8               
         B        266        ILE         0.81981           0.862         0.38074         0.65946           2.255               0         0.64904         0.27834         0.45037        0.089516           1.217         0.31897             4.5               
         B        267        ALA         0.29113         0.58225               0               0          1.4556               0          1.8001         0.51406          1.6718               0          2.5931           1.084             1.8               
         B        268        ASP         0.16608          0.4394               0               0          1.3286               0          2.2221         0.33639          2.1009         0.28168           2.789          1.7421            -3.5               
         B        269        GLN               0               0               0               0               0               0          2.8305          1.0519          2.0306         0.50548          4.6324           1.605            -3.5               
