pdb_id: 3RKC
analysis type: bound
radii_file: C:\Users\choi\Desktop\PSAIA_output\amac_data\chothia.radii
ASA_zSice: 0.25
ASA_rSolvent: 1.4
CX_sRadius: 10
CX_vAtom: 20.1
radii_file: C:\Users\choi\Desktop\PSAIA_output\amac_data\hydrophobicity.hpb

  chain id|    res id|  res name|    average DPX|      s_avg DPX|   s-ch avg DPX| s-ch s_avg DPX|        max DPX|        min DPX|     average CX|       s_avg CX|    s-ch avg CX|  s-ch s_avg CX|         max CX|         min CX| Hydrophobicity|               
         A        460        ARG         0.32049         0.70633         0.50363         0.83172          2.2119               0          1.0957         0.52603         0.83129         0.36224          2.2562         0.35323            -4.5               
         A        461        PRO         0.17359         0.42521               0               0          1.2151               0          1.3011         0.37481          1.6389         0.18234          1.8944         0.76608             1.6               
         A        462        PHE          1.7806           1.605           2.621          1.3933          4.2767               0         0.23735         0.21068         0.12937        0.099991         0.75124        0.021556             2.8               
         A        463        SER         0.44975         0.63931               0               0          1.4612               0         0.40318         0.11603         0.56123        0.017542         0.57877         0.27072            -0.8               
         A        464        VAL          1.0559          0.9853         0.50525         0.71453          2.3854               0         0.70132         0.23434         0.95423         0.11441           1.105         0.46759             4.2               
         A        465        LEU          2.5755          1.3427           3.673         0.51388          4.5429               0          0.1164         0.11108        0.014942        0.024789         0.31897               0             3.8               
         A        466        ARG          0.6703           0.922               0               0          2.2568               0         0.93782         0.59891          1.2888         0.47056          1.9771          0.2187            -4.5               
         A        467        ALA         0.53672           0.661               0               0          1.4516               0         0.54622         0.08853          0.5669               0         0.70818         0.45733             1.8               
         A        468        ASN         0.47319         0.83962               0               0          2.2574               0         0.58199         0.23483          0.7759         0.18325           1.084         0.35323            -3.5               
         A        469        ASP          1.2314         0.79506          1.2343         0.78818          2.2488               0         0.22828        0.072503          0.2481        0.071451         0.36208         0.12042            -3.5               
         A        470        VAL          1.5384          1.0801          1.3556          1.0416          2.8394               0         0.12973        0.026898         0.13077        0.015958         0.17739        0.091087             4.2               
         A        471        LEU          2.0001         0.89748          1.6247          1.0183           3.045               0        0.067282        0.056147        0.024937         0.03827         0.14504               0             3.8               
         A        472        TRP         0.67916          1.1122               0               0           3.046               0         0.20694        0.063447         0.23589        0.050115         0.32737         0.10263            -0.9               
         A        473        LEU          2.2444         0.97576          1.6267          1.0297          3.1351               0        0.090227        0.074391        0.019201        0.025814         0.19084               0             3.8               
         A        474        SER         0.24095         0.53878               0               0          1.4457               0          0.3495         0.12171         0.51013               0         0.51013         0.18408            -0.8               
         A        475        LEU          1.9578          1.4402          3.2438         0.61825          4.2026               0         0.10145         0.10168       0.0092009        0.015936         0.27072               0             3.8               
         A        476        THR         0.56825         0.65851         0.47683         0.67434          1.4305               0         0.77372          0.2517          1.0408        0.094777          1.1708           0.478            -0.7               
         A        477        ALA         0.24772         0.49543               0               0          1.2386               0         0.71536         0.18219          1.0233               0          1.0233         0.52115             1.8               
         A        478        ALA           3.042          0.5551          3.8644               0          3.8644          2.2467         0.26049         0.14421        0.036804               0         0.45733        0.036804             1.8               
         A        479        GLU          1.0722            1.26               0               0          3.1697               0         0.62163         0.45198          0.9692         0.29355          1.3155        0.057855            -3.5               
         A        480        TYR         0.86772         0.93524         0.64886          0.8861          2.4491               0         0.27847         0.10385         0.29443        0.095606         0.44721          0.1085            -1.3               
         A        481        ASP         0.78491         0.83317         0.31141         0.53938          2.2415               0         0.31675         0.12968         0.41295         0.11338         0.54369         0.16423            -3.5               
         A        482        GLN         0.46866         0.66687         0.30537         0.61075          1.5269               0         0.81194         0.27216          0.8996         0.26943          1.3682         0.41767            -3.5               
         A        483        THR          0.3841         0.61014               0               0           1.454               0          1.2892         0.28415          1.5525         0.17015          1.7786          0.9119            -0.7               
         A        484        THR         0.38605         0.61332               0               0           1.463               0         0.99239         0.37217          1.3178         0.33294          1.7786          0.5669            -0.7               
         A        485        TYR          1.3299          1.0316          1.2603          1.0588          2.5218               0         0.25076         0.13613         0.27162         0.14676         0.54369        0.096829            -1.3               
         A        486        GLY          1.4687         0.95633               0               0          2.3882               0         0.35564         0.13772               0               0          0.5669         0.22587            -0.4               
         A        487        SER         0.84259         0.88905               0               0          2.2467               0         0.73293         0.18381         0.93963        0.045108         0.98474         0.45733            -0.8               
         A        488        SER         0.44692         0.63535               0               0          1.4529               0          1.2806          0.4235          1.8513         0.21336          2.0647         0.94764            -0.8               
         A        489        THR         0.71632         0.87323               0               0          2.2503               0          1.3951         0.52134           1.966         0.22149          2.2061         0.84423            -0.7               
         A        490        ASN          1.1277           1.171               0               0            2.72               0         0.41373         0.11833         0.44896         0.05115         0.57877         0.20461            -3.5               
         A        491        PRO          2.1852          1.2263          1.0234          0.7238          3.8694               0         0.15288        0.089603          0.2331        0.053643         0.27851        0.031671             1.6               
         A        492        MET           2.456          1.6271          1.0332          1.0593          4.4822               0        0.027123        0.020413        0.027619        0.028195        0.063253               0             1.9               
         A        493        TYR          4.5077         0.72535          4.6534          0.7567          5.7193          3.2786        0.020541        0.029452        0.022036        0.034305         0.10263               0            -1.3               
         A        494        VAL         0.77486         0.93908         0.49444         0.69925          2.4237               0         0.10085        0.027937         0.12087        0.022381         0.14504        0.057855             4.2               
         A        495        SER          1.0819         0.85565          1.9705         0.44337          2.4138               0         0.12016        0.055104         0.16208        0.035607         0.19769        0.026589            -0.8               
         A        496        ASP          0.3357         0.58446               0               0          1.4613               0         0.60945         0.24347         0.79628         0.20434           1.105         0.31897            -3.5               
         A        497        THR         0.18944         0.46402               0               0          1.3261               0         0.59181         0.21365           0.816         0.12768         0.96601         0.38012            -0.7               
         A        498        VAL         0.75733         0.94699          1.3535          1.0419          2.5347               0         0.14113        0.099672        0.029737        0.021136         0.27072               0             4.2               
         A        499        THR         0.38541         0.61203               0               0          1.4551               0         0.43765         0.16741         0.62245        0.067334         0.70818         0.27072            -0.7               
         A        500        PHE          3.6934         0.70806          4.1026         0.43444          4.6104          2.2589         0.13345         0.13835        0.037488        0.050269         0.38932               0             2.8               
         A        501        VAL          1.3573          1.2415               0               0          3.0085               0         0.32405         0.13519           0.467        0.063984         0.53233         0.16423             4.2               
         A        502        ASN          1.2939          1.1031         0.30711         0.53193          2.7247               0         0.27252        0.070466         0.26698        0.012837         0.42738         0.17077            -3.5               
         A        503        VAL         0.59977         0.69717         0.50405         0.71284          1.5122               0         0.34786         0.16369         0.19256        0.044854         0.60306          0.1326             4.2               
         A        504        ALA         0.29195          0.5839               0               0          1.4597               0         0.85188          0.2277         0.75124               0           1.217         0.55521             1.8               
         A        505        THR         0.19008          0.4656               0               0          1.3306               0         0.89813         0.23544         0.69012        0.090388          1.3415          0.5669            -0.7               
         A        506        GLY               0               0               0               0               0               0          1.0454         0.12065               0               0          1.1708         0.87746            -0.4               
         A        507        ALA         0.71778         0.92665               0               0          2.2578               0         0.68923         0.16327         0.75124               0         0.86069         0.42738             1.8               
         A        508        GLN         0.16252         0.45967               0               0          1.4627               0          1.0238         0.44219           1.297         0.42643          2.1104         0.61548            -3.5               
         A        509        GLY          1.2259          0.8008               0               0          2.2463               0          0.4207        0.063929               0               0         0.46759         0.31068            -0.4               
         A        510        VAL         0.95986          1.1714               0               0          2.8603               0         0.70281         0.21561         0.92983         0.11085           1.084         0.42738             4.2               
         A        511        SER          1.8159         0.97906         0.71297         0.71297          2.9749               0         0.17623        0.093866        0.057213        0.057213         0.26302               0            -0.8               
         A        512        ARG         0.49748         0.84852         0.20976          0.5138          2.4869               0          0.9701         0.41458          1.1602         0.38695          1.8944         0.40809            -4.5               
         A        513        SER          0.2217         0.49574               0               0          1.3302               0          1.3005         0.27637           1.511         0.19547          1.7065         0.81215            -0.8               
         A        514        LEU         0.54708         0.70867         0.76303         0.76303          1.5275               0          0.4958          0.1483         0.36475        0.081437         0.66718         0.24789             3.8               
         A        515        ASP         0.15429         0.40821               0               0          1.2343               0          1.2937         0.55784          1.7731         0.38921          2.4164         0.70818            -3.5               
         A        516        TRP          2.4563          1.7328          3.1713          1.4941          5.3667               0         0.14713         0.16925        0.050701        0.064994         0.53233               0            -0.9               
         A        517        SER               0               0               0               0               0               0           1.012          0.2976          1.3639         0.14691          1.5108         0.62811            -0.8               
         A        518        LYS         0.14873         0.42068               0               0          1.3386               0          1.9678          1.4166          2.8838           1.305          5.1293         0.65395            -3.9               
         A        519        VAL          2.1629          1.2509          3.3935         0.20689          3.6423               0         0.29284         0.11479         0.17984        0.016571         0.49926         0.15776             4.2               
         A        520        THR           1.752          1.2221         0.47848         0.67668          3.1947               0         0.44096         0.21058         0.66868         0.10158         0.81215         0.22587            -0.7               
         A        521        LEU          2.3772          1.0985          1.6464          1.0314          3.8453               0         0.22678         0.11884         0.13016        0.026615         0.46759        0.091087             3.8               
         A        522        ASP         0.18374         0.48613               0               0          1.4699               0         0.64768         0.19737          0.5709        0.040755           1.084         0.39864            -3.5               
         A        523        GLY               0               0               0               0               0               0          1.1075         0.21854               0               0          1.3954         0.78118            -0.4               
         A        524        ARG         0.47877         0.81886               0               0          2.4044               0          1.4127         0.57133          1.7431         0.43672          2.6561         0.53233            -4.5               
         A        525        PRO          0.3841          0.6106               0               0          1.4627               0         0.87171         0.27932          1.1562         0.12745          1.2901           0.478             1.6               
         A        526        LEU          0.6806          0.9248           0.999          1.0555            2.48               0         0.23955         0.16724        0.086296        0.063672         0.49926       0.0019112             3.8               
         A        527        THR         0.51269         0.84845               0               0           2.263               0         0.60137         0.19673         0.77736         0.10781         0.92961         0.30248            -0.7               
         A        528        THR          0.2092         0.51243               0               0          1.4644               0         0.81108         0.22597          0.7208        0.075834          1.3415         0.66718            -0.7               
         A        529        ILE         0.50767         0.65877         0.37466         0.64893          1.4986               0         0.79017           0.153         0.81601         0.18802          1.0038         0.61548             4.5               
         A        530        GLN         0.16151         0.45681               0               0          1.4536               0          1.5318         0.29495          1.7336         0.22308          1.9352           1.105            -3.5               
         A        531        GLN         0.69933         0.82532         0.54439         0.67223          2.2393               0         0.78434         0.24844         0.63338         0.20454          1.1265         0.35323            -3.5               
         A        532        TYR         0.23256         0.52002         0.34884         0.60421          1.3991               0         0.80357         0.25308         0.64392         0.13344          1.1708         0.44721            -1.3               
         A        533        SER               0               0               0               0               0               0          1.8967         0.67079          2.7646         0.40335           3.168          1.3155            -0.8               
         A        534        LYS         0.62053         0.69865         0.60546         0.74164          1.5337               0         0.71443         0.14669         0.64791         0.12623         0.98474           0.478            -3.9               
         A        535        THR         0.95633          1.1637               0               0          2.7942               0         0.60025          0.2475         0.84192         0.12824          1.0233         0.22587            -0.7               
         A        536        PHE          2.7578          1.3503           2.112          1.2543          4.4485               0         0.14699        0.099259         0.09717        0.063743         0.33588        0.016573             2.8               
         A        537        PHE           1.918          1.4725         0.95649         0.90476          3.8995               0         0.16684        0.092293         0.20143         0.09806         0.36208        0.063253             2.8               
         A        538        VAL          1.1366          1.0983         0.50669         0.71657          2.8292               0         0.27411          0.1259         0.41771       0.0078747         0.42738         0.12647             4.2               
         A        539        LEU          3.3234         0.80511          4.0934          0.2498          4.5158          2.2536        0.090398        0.079922        0.017176         0.02975         0.20461               0             3.8               
         A        540        PRO          0.7233         0.87712               0               0          2.2613               0         0.18917         0.06035         0.21112        0.047962         0.27851        0.068705             1.6               
         A        541        LEU         0.52515         0.68205          0.3785         0.65559           1.514               0         0.12298        0.045532        0.099141        0.031255         0.19769        0.068705             3.8               
         A        542        ARG         0.90131          1.0429         0.57261         0.93891          2.4694               0         0.20606         0.20801          0.3162         0.18581          0.5669               0            -4.5               
         A        543        GLY          2.8874         0.41021               0               0          3.3373          2.2648        0.039603         0.04039               0               0          0.1085       0.0067513            -0.4               
         A        544        LYS         0.76804         0.89773         0.59626          0.7304          2.4074               0        0.053993         0.10404        0.090853         0.12758         0.33588               0            -3.9               
         A        545        LEU         0.51048          0.6627         0.37764         0.65409          1.5106               0        0.021006        0.018321         0.01784        0.023267        0.057855               0             3.8               
         A        546        SER         0.83839         0.88566               0               0          2.2439               0       0.0075122        0.010382       0.0082866       0.0082866        0.026589               0            -0.8               
         A        547        PHE          1.5207          1.0343          1.4416          1.0074          2.7172               0       0.0007875       0.0019636       0.0012375       0.0023456       0.0067513               0             2.8               
         A        548        TRP          2.9125          1.2879          2.3843          1.1375          4.5702               0        0.025369         0.03633         0.02448        0.039232         0.12647               0            -0.9               
         A        549        GLU          1.5077          1.4563         0.30398         0.60796          3.8065               0         0.54345         0.29949         0.73519         0.25835          1.1484         0.15776            -3.5               
         A        550        ALA         0.79288           1.015               0               0          2.4493               0         0.61766         0.22311         0.59082               0         0.98474         0.35323             1.8               
         A        551        GLY               0               0               0               0               0               0            1.02         0.29273               0               0          1.4809         0.66718            -0.4               
         A        552        THR          0.9054         0.83607         0.47775         0.67564          2.2452               0         0.68954         0.24389         0.84389         0.24244          1.1484         0.35323            -0.7               
         A        553        THR          0.2084         0.51047               0               0          1.4588               0         0.49685         0.11703          0.5387         0.15077         0.75124         0.40809            -0.7               
         A        554        LYS         0.43754         0.84408               0               0           2.406               0         0.67666         0.46671         0.96749          0.4268          1.6718          0.1326            -3.9               
         A        555        ALA          3.2186         0.41438          3.5179               0          3.6161          2.4436        0.097774        0.047695         0.12647               0         0.16423        0.021556             1.8               
         A        556        GLY          1.5511          1.0339               0               0           2.581               0               0               0               0               0               0               0            -0.4               
         A        557        TYR          1.2095          0.9394          1.1415         0.96872          2.5055               0          0.1271         0.13541         0.19065         0.12404         0.41767               0            -1.3               
         A        558        PRO          1.2607          1.2304               0               0          3.2835               0        0.034806        0.044157       0.0071855        0.010162         0.11443               0             1.6               
         A        559        TYR         0.66797         0.83999         0.34899         0.60448          2.4644               0         0.56076          0.3424         0.71257         0.31976          1.3415         0.11443            -1.3               
         A        560        ASN         0.48726         0.87147               0               0          2.3835               0         0.51143          0.2346          0.7054         0.17661         0.96601         0.26302            -3.5               
         A        561        TYR         0.58471         0.69434         0.54053          0.6986          1.5169               0         0.41711         0.29512         0.53904         0.29079          1.1484          0.1085            -1.3               
         A        562        ASN         0.63059         0.85578               0               0          2.2656               0         0.58438         0.23241         0.71365         0.21937          1.0633         0.26302            -3.5               
         A        563        THR         0.72019         0.87277               0               0          2.2468               0           0.668         0.25809         0.92434         0.15898          1.1484         0.30248            -0.7               
         A        564        THR         0.41086         0.64964         0.47619         0.67344          1.4474               0         0.60918         0.16384         0.67547         0.21389         0.96601         0.45733            -0.7               
         A        565        ALA         0.24384         0.48768               0               0          1.2192               0          0.6421         0.19822         0.92961               0         0.92961         0.37104             1.8               
         A        566        SER         0.48149         0.68103         0.71171         0.71171          1.4655               0         0.34821         0.10569         0.24086        0.022158         0.51013          0.2187            -0.8               
         A        567        ASP         0.16625         0.43986               0               0            1.33               0          0.1934        0.083255         0.12768        0.054216         0.31068        0.036804            -3.5               
         A        568        GLN         0.29876         0.56159               0               0          1.4604               0         0.43035         0.15265          0.5439         0.10406         0.69429         0.24046            -3.5               
         A        569        ILE          2.5043          1.2196          1.7797          1.1692           4.077               0         0.13318        0.070636        0.068019        0.026793          0.2187        0.026589             4.5               
         A        570        LEU          2.0581          1.4492         0.76563         0.76564          3.8884               0        0.097284        0.061106         0.13433        0.060046         0.20461        0.026589             3.8               
         A        571        ILE          4.8897         0.55078           5.003         0.73748          5.8282          3.8411        0.014527        0.020851       0.0053891       0.0093342        0.057855               0             4.5               
         A        572        GLU          1.5519          1.4982         0.30513         0.61026          3.8124               0          0.2368         0.14509         0.33449         0.11635         0.46759        0.031671            -3.5               
         A        573        ASN         0.68315         0.91984         0.37768         0.65417          2.4251               0         0.53909         0.18753         0.61312         0.16142         0.84423         0.22587            -3.5               
         A        574        ALA         0.24417         0.48835               0               0          1.2209               0         0.73692         0.20152          1.0431               0          1.0431         0.48855             1.8               
         A        575        PRO               0               0               0               0               0               0          1.6285         0.57056          2.2322         0.29974          2.6561          1.0038             1.6               
         A        576        GLY         0.97697          1.0234               0               0           2.385               0         0.55678         0.23959               0               0         0.89452         0.29439            -0.4               
         A        577        HIS          1.1383          1.0379         0.87876         0.97417          2.5982               0          0.2381         0.15738         0.31629         0.14098         0.53233       0.0067513            -3.2               
         A        578        ARG          1.3916          1.3394          0.5773         0.95177          3.3611               0         0.41778         0.42703          0.6244         0.40914          1.3415               0            -4.5               
         A        579        VAL          3.7042         0.47608          3.9851         0.43827          4.6006          2.9156       0.0047629       0.0092098       0.0022504       0.0031826        0.026589               0             4.2               
         A        580        CYS          0.8657         0.93909               0               0          2.4386               0        0.039845        0.021787         0.01667       0.0099187        0.074214       0.0067513             2.5               
         A        581        ILE          1.3283         0.86711          1.4059         0.92259          2.5906               0        0.022018        0.024682       0.0082866       0.0082866        0.074214               0             4.5               
         A        582        SER          0.4499         0.63938               0               0          1.4591               0        0.053152         0.04462         0.10853       0.0058964         0.11443               0            -0.8               
         A        583        THR          3.5774         0.81018          4.2198         0.48527          4.6673          2.2553        0.018888        0.018151        0.013996        0.019793        0.041988               0            -0.7               
         A        584        TYR          1.0476          1.2042         0.66557         0.91964          3.5891               0         0.47267         0.36845         0.64066         0.34288          1.3682        0.052513            -1.3               
         A        585        THR         0.71684         0.86841               0               0          2.2354               0         0.36567         0.19853         0.55715         0.14917         0.76608         0.13878            -0.7               
         A        586        THR         0.20889         0.51168               0               0          1.4622               0         0.74717         0.25262         0.97376         0.20607          1.2652           0.478            -0.7               
         A        587        ASN         0.96174          1.0242          1.5903         0.98736          2.4382               0         0.24697          0.1463         0.11432        0.071459         0.45733        0.041988            -3.5               
         A        588        LEU          1.5495          1.4171          2.7639         0.85451          3.9107               0         0.18715         0.14664        0.066163        0.060637         0.41767               0             3.8               
         A        589        GLY          0.8997         0.95813               0               0          2.2653               0          0.6195         0.14713               0               0         0.78118         0.46759            -0.4               
         A        590        SER         0.45131         0.64188               0               0          1.4719               0          1.0666         0.31328           1.498        0.074791          1.5728         0.75124            -0.8               
         A        591        GLY               0               0               0               0               0               0          1.1896         0.41714               0               0          1.8162         0.76608            -0.4               
         A        592        PRO         0.41098         0.65168               0               0          1.5306               0          1.4274          0.4121          1.7769         0.36596          2.2562         0.94764             1.6               
         A        593        VAL         0.91513         0.84297         0.50115         0.70874          2.2477               0         0.46473         0.15414         0.36579        0.094205         0.69429         0.24046             4.2               
         A        594        SER          1.1124          1.1838               0               0          2.8176               0         0.56053         0.25339          0.8925         0.11132          1.0038         0.31068            -0.8               
         A        595        ILE          2.9039          1.6326           4.223          0.8454          5.4126               0        0.057491        0.057591       0.0016878       0.0029234         0.13878               0             4.5               
         A        596        SER          1.5782          1.2156               0               0          3.1887               0         0.14239        0.090433         0.24818        0.070792         0.31897        0.052513            -0.8               
         A        597        ALA          3.7299         0.49388          4.1025               0          4.5073          3.2185        0.077457         0.03367        0.063253               0         0.13878        0.041988             1.8               
         A        598        VAL          1.1951         0.84283          1.0198         0.72112          2.5207               0        0.017074        0.019102        0.028009        0.020257        0.047224               0             4.2               
         A        599        GLY         0.89739         0.95643               0               0          2.2626               0               0               0               0               0               0               0            -0.4               
         A        600        VAL          1.5359          1.0809           1.333          1.0199          2.8636               0        0.049493        0.037786        0.083843        0.018693          0.1085               0             4.2               
         A        601        LEU          4.2069         0.54189          4.5969          0.4481           4.918          3.4819        0.099219         0.06521        0.057801         0.05369          0.2187       0.0067513             3.8               
         A        602        ALA          1.9478          1.1131               0               0          3.2366               0         0.21443        0.057378         0.24046               0         0.27851         0.11443             1.8               
         A        603        PRO         0.60495         0.70353               0               0          1.5228               0         0.54913         0.12963         0.67341        0.099931         0.75124         0.39864             1.6               
         A        604        HIS         0.40547          0.6214         0.22562          0.5045          1.4629               0         0.61067         0.15628         0.62533         0.15264         0.84423         0.40809            -3.2               
         A        605        SER         0.20348           0.455               0               0          1.2209               0          1.7025         0.36103          1.6945         0.12169          2.1575          1.0431            -0.8               
         A        606        ALA               0               0               0               0               0               0          3.0886         0.87039          2.4164               0          4.6324          2.1575             1.8               
         B        460        ARG          0.3283         0.72587         0.51591         0.85509          2.2855               0          1.0682         0.40249          0.8704         0.34904          1.6379         0.40809            -4.5               
         B        461        PRO         0.17424          0.4268               0               0          1.2197               0          1.3663         0.50247          1.8354          0.3517          2.2562         0.73665             1.6               
         B        462        PHE          1.7815          1.6064          2.6231          1.3942          4.2805               0         0.23661         0.21422          0.1244         0.10126         0.75124        0.016573             2.8               
         B        463        SER         0.24517         0.54822               0               0           1.471               0         0.39517         0.11353         0.54945         0.00576         0.55521         0.25541            -0.8               
         B        464        VAL         0.92335         0.87099         0.50869         0.71939          2.3844               0         0.70632         0.24087         0.96239         0.13314          1.1484         0.46759             4.2               
         B        465        LEU          2.5436          1.3171          3.6143          0.5029           4.463               0         0.11907         0.11317        0.013606        0.022476         0.31068               0             3.8               
         B        466        ARG         0.66897          0.9201               0               0          2.2639               0         0.91433          0.5841          1.2536          0.4656          1.8944         0.23312            -4.5               
         B        467        ALA         0.53965         0.66466               0               0          1.4603               0         0.50037        0.091526         0.57877               0         0.64093         0.42738             1.8               
         B        468        ASN         0.47275         0.83913               0               0          2.2579               0         0.54417         0.21877         0.72871          0.1577         0.98474         0.29439            -3.5               
         B        469        ASP          1.0694         0.89416          1.2456         0.79524          2.2485               0           0.216        0.073881         0.24104        0.074342         0.36208         0.10263            -3.5               
         B        470        VAL          1.5236          1.0683          1.3451          1.0326          2.8074               0         0.10902        0.024105         0.11278         0.01936         0.13878         0.07978             4.2               
         B        471        LEU          1.9907         0.89147          1.6171          1.0128          3.0146               0        0.058912        0.051818        0.022772        0.039442         0.13878               0             3.8               
         B        472        TRP         0.68634          1.1253               0               0          3.0982               0         0.22833        0.074003         0.26297        0.053402         0.37104         0.07978            -0.9               
         B        473        LEU          2.2627         0.98501           1.637          1.0337          3.1745               0        0.092558        0.076126        0.020411        0.025078         0.19769               0             3.8               
         B        474        SER         0.24158         0.54019               0               0          1.4495               0         0.35895         0.12781         0.52773        0.039172          0.5669         0.19769            -0.8               
         B        475        LEU            1.83           1.617          3.2943         0.73474          4.4685               0         0.11715         0.11647        0.010497        0.018181          0.2864               0             3.8               
         B        476        THR         0.36715         0.58112               0               0          1.3343               0         0.83032         0.26642          1.1158        0.088823          1.2408           0.478            -0.7               
         B        477        ALA         0.24854         0.49707               0               0          1.2427               0         0.78552         0.19126           1.105               0           1.105         0.59082             1.8               
         B        478        ALA          3.0716          0.5396          3.8552               0          3.8552          2.2572         0.29368         0.14277        0.063253               0         0.44721        0.063253             1.8               
         B        479        GLU          1.0708          1.2584               0               0          3.1689               0         0.67782          0.4955          1.0619         0.31432          1.4517        0.026589            -3.5               
         B        480        TYR         0.86721         0.93504         0.64784         0.88485          2.4504               0         0.29042         0.10549         0.30545         0.10209         0.46759         0.12647            -1.3               
         B        481        ASP         0.63275         0.85433               0               0          2.2602               0         0.32398         0.13037           0.427        0.099819          0.5669         0.15776            -3.5               
         B        482        GLN         0.46898         0.66764         0.30709         0.61418          1.5354               0          0.7875         0.28929         0.90798         0.26242          1.3682         0.35323            -3.5               
         B        483        THR         0.38358          0.6094               0               0          1.4538               0          1.3076         0.45317          1.7342         0.37448          2.2061         0.84423            -0.7               
         B        484        THR         0.38317         0.60868               0               0          1.4507               0          0.9748         0.36347          1.2981         0.31943          1.7421          0.5669            -0.7               
         B        485        TYR          1.3303          1.0325          1.2631          1.0613          2.5339               0         0.24703         0.14186         0.27279         0.15209         0.52115        0.096829            -1.3               
         B        486        GLY          1.4647         0.95626               0               0          2.3826               0         0.34981         0.12882               0               0         0.54369         0.23312            -0.4               
         B        487        SER         0.84283         0.89224               0               0          2.2668               0         0.72804         0.18296          0.9311        0.053642         0.98474         0.46759            -0.8               
         B        488        SER         0.20517         0.45877               0               0           1.231               0          1.3322         0.43647          1.9262         0.18417          2.1104         0.96601            -0.8               
         B        489        THR         0.38187         0.60666               0               0           1.447               0           1.376         0.50751          1.9264         0.23204          2.2061         0.84423            -0.7               
         B        490        ASN          1.1288          1.1739               0               0          2.7323               0         0.40116         0.11896         0.44681        0.054985         0.55521         0.18408            -3.5               
         B        491        PRO          2.1579          1.2038          1.0126         0.71615          3.6773               0         0.14465         0.08185         0.20958        0.055786         0.26302        0.026589             1.6               
         B        492        MET          2.5465          1.6808          1.1184          1.1656          4.6489               0        0.035644        0.028965        0.047116        0.036153          0.1085        0.011638             1.9               
         B        493        TYR          4.5842         0.67834          4.6704         0.75983          5.5655          3.2023        0.023178        0.031856        0.020882        0.035918          0.1085               0            -1.3               
         B        494        VAL          1.4882          1.0683          1.3428          1.0293          2.7803               0          0.1078         0.04578         0.13473         0.04992         0.20461        0.041988             4.2               
         B        495        SER          1.1104         0.87116          1.9865         0.45678          2.4433               0          0.1501        0.058175         0.19832        0.027548         0.22587        0.063253            -0.8               
         B        496        ASP               0               0               0               0               0               0         0.60697         0.20095         0.76608         0.16022         0.98474          0.3445            -3.5               
         B        497        THR         0.19056         0.46678               0               0          1.3339               0         0.61681         0.22067         0.84073         0.15041          1.0038         0.39864            -0.7               
         B        498        VAL           1.114           1.059           2.191         0.46023          2.5304               0          0.1787         0.10702        0.061888        0.021487         0.33588        0.031671             4.2               
         B        499        THR         0.93351          1.1345               0               0          2.7287               0          0.4611         0.17178         0.65477        0.036566         0.68063          0.2864            -0.7               
         B        500        PHE          3.8862         0.49732          4.0314         0.46533          4.7941          3.3249         0.13415         0.13969        0.038032        0.047975         0.40809               0             2.8               
         B        501        VAL          1.3573          1.2403               0               0           2.995               0         0.33075          0.1455         0.48783         0.06373         0.54369         0.15776             4.2               
         B        502        ASN          1.5843          1.0127         0.89382         0.95111          2.6642               0         0.27706        0.077515         0.26691        0.008611         0.45733         0.17739            -3.5               
         B        503        VAL         0.60212         0.69966         0.50475         0.71383          1.5143               0           0.345         0.17314         0.18024        0.027313         0.62811         0.14504             4.2               
         B        504        ALA         0.29231         0.58462               0               0          1.4615               0         0.82431          0.2158         0.70818               0          1.1708         0.54369             1.8               
         B        505        THR         0.18991         0.46518               0               0          1.3294               0         0.91156         0.26435         0.68591        0.093934          1.4232          0.5669            -0.7               
         B        506        GLY               0               0               0               0               0               0          1.0498         0.15302               0               0          1.2408         0.82805            -0.4               
         B        507        ALA          0.7181         0.92633               0               0          2.2551               0         0.68742         0.17888         0.76608               0         0.87746         0.39864             1.8               
         B        508        GLN         0.16302          0.4611               0               0          1.4672               0         0.99853         0.33312          1.2539         0.22415          1.5414         0.60306            -3.5               
         B        509        GLY          1.2261         0.80005               0               0          2.2435               0         0.38421        0.049215               0               0         0.42738         0.30248            -0.4               
         B        510        VAL         0.38528         0.61229               0               0          1.4637               0         0.68705         0.18594         0.89106        0.066238         0.98474         0.45733             4.2               
         B        511        SER           1.823          1.0178          0.7135          0.7135          3.2507               0         0.18745        0.093828        0.067991        0.046434         0.29439        0.021556            -0.8               
         B        512        ARG         0.47287         0.81671               0               0          2.4323               0          1.5945          1.1928          2.1789          1.1357          3.9618         0.41767            -4.5               
         B        513        SER         0.24293         0.54322               0               0          1.4576               0          1.2813         0.26921          1.5418         0.20026          1.7421         0.82805            -0.8               
         B        514        LEU         0.86103         0.92247          1.3917         0.90071          2.5202               0         0.48382         0.16135         0.34469         0.10707         0.66718         0.18408             3.8               
         B        515        ASP         0.15437         0.40842               0               0          1.2349               0          1.2629         0.52023          1.7082         0.36698          2.3079         0.69429            -3.5               
         B        516        TRP          2.4254          1.6927          3.1268          1.4514          5.1476               0         0.15505         0.16404        0.061834        0.073545         0.46759               0            -0.9               
         B        517        SER               0               0               0               0               0               0          1.0892         0.28259          1.3758         0.13499          1.5108         0.68063            -0.8               
         B        518        LYS         0.28453         0.53289               0               0          1.3336               0           2.162          1.5515          3.1963          1.3764          5.3151         0.65395            -3.9               
         B        519        VAL          2.3399          1.2488          3.5027         0.22111          3.7358               0         0.32638         0.13619         0.19864        0.033558         0.57877         0.15137             4.2               
         B        520        THR          1.7489          1.2233         0.47517         0.67199          3.2152               0          0.4368         0.21303         0.66422        0.099888         0.79653         0.17739            -0.7               
         B        521        LEU          2.3554          1.0829           1.648          1.0314          3.8044               0         0.24759          0.1151         0.15885        0.035557         0.48855         0.12042             3.8               
         B        522        ASP         0.18146         0.48009               0               0          1.4517               0          0.7064         0.18501         0.66483        0.040491           1.084         0.42738            -3.5               
         B        523        GLY         0.30972         0.53645               0               0          1.2389               0          1.0965         0.18957               0               0          1.3415         0.81215            -0.4               
         B        524        ARG         0.80595          1.0953               0               0          2.6667               0          1.8966          1.1542          2.5096          1.0184          3.9618         0.52115            -4.5               
         B        525        PRO          0.3858         0.61333               0               0          1.4696               0         0.91148         0.31974           1.229          0.1592          1.3415           0.478             1.6               
         B        526        LEU          0.9924          1.0524          1.6213          1.0138          2.4944               0         0.25619         0.18912        0.083168        0.073273         0.55521       0.0019112             3.8               
         B        527        THR         0.51125         0.84483               0               0          2.2488               0         0.66675         0.20562         0.85053         0.10996          1.0038          0.3445            -0.7               
         B        528        THR         0.20807         0.50966               0               0          1.4565               0         0.88953         0.19832         0.89705         0.19818           1.217         0.69429            -0.7               
         B        529        ILE          0.5121         0.66531          0.3828         0.66302          1.5312               0         0.78729         0.19661         0.80043         0.24934           1.105         0.52115             4.5               
         B        530        GLN         0.29551         0.55517               0               0          1.4373               0          1.7412         0.48204          2.0895         0.34043          2.7214           1.084            -3.5               
         B        531        GLN         0.72895         0.85098         0.30305         0.60611           2.266               0         0.77717         0.23975         0.62937         0.19821           1.105         0.36208            -3.5               
         B        532        TYR         0.23223         0.51929         0.34835         0.60336          1.3965               0         0.77583         0.24467         0.62068         0.12389          1.1708         0.41767            -1.3               
         B        533        SER         0.20576         0.46009               0               0          1.2345               0          1.7497         0.45332          2.3289          0.2642          2.5931          1.3155            -0.8               
         B        534        LYS         0.46776         0.66567         0.30365          0.6073          1.5182               0         0.74418         0.14786         0.67937         0.12763          1.0233         0.53233            -3.9               
         B        535        THR         0.38613         0.61361               0               0          1.4664               0         0.62004         0.24516         0.86572        0.098471          1.0038         0.24789            -0.7               
         B        536        PHE          2.4276          1.1208          2.0211          1.1225          4.0078               0         0.14665         0.10091        0.093562        0.060777          0.3445        0.026589             2.8               
         B        537        PHE          2.3135          1.7509          1.2815          1.3356          4.6188               0         0.18933         0.10392         0.22846         0.11167         0.40809        0.096829             2.8               
         B        538        VAL          1.1433          1.1072          0.5056         0.71502          2.8613               0          0.2946         0.12984         0.44102        0.026448           0.478         0.14504             4.2               
         B        539        LEU          3.3327          0.7929          4.0868         0.26376           4.493          2.2615        0.091478        0.075232        0.024459        0.038566         0.19084               0             3.8               
         B        540        PRO         0.72435         0.87839               0               0          2.2646               0         0.19451        0.073369         0.23379          0.0625         0.31897        0.052513             1.6               
         B        541        LEU         0.83376         0.89728          0.9914          1.0477           2.462               0         0.12392        0.047772         0.10354        0.032072         0.19769        0.074214             3.8               
         B        542        ARG          0.8968          1.0391         0.56674         0.93054          2.4529               0         0.20964           0.218         0.32181         0.19987         0.61548               0            -4.5               
         B        543        GLY          2.8517         0.40023               0               0          3.2816          2.2435        0.038403        0.047961               0               0         0.12042               0            -0.4               
         B        544        LYS         0.77386         0.90145         0.60998         0.74715          2.3983               0        0.051858         0.10518        0.091017         0.12822         0.33588               0            -3.9               
         B        545        LEU         0.54345         0.70365         0.37823         0.65511          1.5129               0        0.026911        0.024543        0.025812        0.032281         0.07978               0             3.8               
         B        546        SER         0.81592         0.87013               0               0          2.2365               0       0.0077987       0.0084031       0.0033757       0.0033757        0.021556               0            -0.8               
         B        547        PHE          1.5216          1.0351          1.4416          1.0069          2.7335               0               0               0               0               0               0               0             2.8               
         B        548        TRP          2.9256           1.297          2.3994          1.1531          4.5682               0        0.031635         0.04099        0.032718        0.044871          0.1326               0            -0.9               
         B        549        GLU          1.5177          1.4656         0.30747         0.61494          3.8403               0         0.54946         0.30231         0.73808         0.26936          1.1708         0.17077            -3.5               
         B        550        ALA         0.79822          1.0208               0               0          2.4598               0         0.63016         0.23518         0.57877               0          1.0233          0.3445             1.8               
         B        551        GLY               0               0               0               0               0               0          1.0317         0.26583               0               0          1.4517         0.72229            -0.4               
         B        552        THR         0.90912         0.84038         0.47921         0.67771          2.2603               0         0.71557         0.25711         0.87934         0.25588          1.1937         0.36208            -0.7               
         B        553        THR         0.20795         0.50937               0               0          1.4557               0         0.48286         0.10162         0.51131         0.13926         0.70818         0.40809            -0.7               
         B        554        LYS         0.43581         0.84135               0               0          2.4016               0         0.58202         0.32936         0.79605         0.27451          1.2652         0.14504            -3.9               
         B        555        ALA          3.2671         0.45867          3.6415               0          3.7097          2.4218         0.10354        0.047864         0.12647               0         0.17739        0.031671             1.8               
         B        556        GLY          1.5602          1.0423               0               0          2.6063               0               0               0               0               0               0               0            -0.4               
         B        557        TYR         0.91869         0.81844         0.70781         0.70889          2.3943               0         0.12536         0.13699         0.18804         0.12792         0.42738               0            -1.3               
         B        558        PRO          1.2719          1.2487               0               0          3.3586               0        0.026844        0.038701       0.0055244       0.0078127         0.10263               0             1.6               
         B        559        TYR         0.66651         0.83639         0.34978         0.60583          2.4411               0         0.54214         0.33809         0.69161         0.31707          1.3415         0.11443            -1.3               
         B        560        ASN         0.15427         0.40815               0               0          1.2341               0         0.50826          0.2231         0.70624         0.13751         0.84423         0.26302            -3.5               
         B        561        TYR         0.58093         0.69016         0.53795         0.69523          1.5082               0         0.37178         0.26719         0.48175         0.26382          1.0038        0.096829            -1.3               
         B        562        ASN         0.62722         0.85026               0               0          2.2417               0         0.56923          0.2439         0.70765         0.24022           1.105         0.25541            -3.5               
         B        563        THR         0.72024          0.8733               0               0          2.2512               0         0.63369         0.23592         0.86223         0.15725           1.084         0.29439            -0.7               
         B        564        THR         0.41427         0.65506         0.47873         0.67703          1.4637               0          0.5927         0.15843         0.67276         0.20208         0.94764         0.44721            -0.7               
         B        565        ALA         0.24648         0.49296               0               0          1.2324               0         0.59902         0.19792         0.87746               0         0.87746         0.31897             1.8               
         B        566        SER         0.47955         0.67828         0.70996         0.70996          1.4574               0         0.34242         0.11324         0.21937        0.028523         0.51013         0.19084            -0.8               
         B        567        ASP         0.16628         0.43994               0               0          1.3303               0         0.19208        0.086386         0.12609        0.053394         0.32737        0.036804            -3.5               
         B        568        GLN          0.2992         0.56223               0               0          1.4582               0         0.40259         0.13846         0.50887        0.090064         0.65395         0.23312            -3.5               
         B        569        ILE          2.5156           1.215          1.8056          1.1904          4.0629               0         0.13155        0.081464        0.054265        0.021073         0.24789        0.026589             4.5               
         B        570        LEU          2.0497          1.4404         0.76717         0.76721          3.9322               0         0.09734        0.061444         0.13842        0.055081         0.20461        0.011638             3.8               
         B        571        ILE          4.5932         0.49216          4.5164         0.65144          5.4383          3.6875         0.01526        0.023682       0.0041433       0.0071764        0.068705               0             4.5               
         B        572        GLU          1.5387          1.4868         0.30255          0.6051          3.8213               0         0.26681         0.14255         0.36299         0.11367         0.51013        0.063253            -3.5               
         B        573        ASN         0.67948         0.91369         0.37834          0.6553          2.4022               0         0.59336         0.19649          0.6675         0.15155         0.89452         0.26302            -3.5               
         B        574        ALA         0.24411         0.48822               0               0          1.2205               0         0.78408         0.17881          1.0431               0          1.0431         0.54369             1.8               
         B        575        PRO               0               0               0               0               0               0          1.7684         0.68934          2.5072         0.35629          3.0076          1.0633             1.6               
         B        576        GLY         0.97573          1.0234               0               0          2.3882               0         0.56076         0.22477               0               0         0.87746         0.32737            -0.4               
         B        577        HIS          1.1336          1.0324          0.8792         0.97492          2.6008               0         0.27095         0.16666         0.35812          0.1502         0.60306        0.036804            -3.2               
         B        578        ARG          1.3855          1.3261         0.58738         0.96775          3.2674               0         0.47774         0.43893         0.70202         0.40237          1.4517        0.011638            -4.5               
         B        579        VAL           2.392           1.182          1.3534          1.0364          3.7746               0       0.0029137       0.0056386      0.00063706      0.00090093        0.016573               0             4.2               
         B        580        CYS         0.86565         0.93842               0               0          2.4339               0        0.045156        0.024098        0.026988        0.020236         0.07978       0.0067513             2.5               
         B        581        ILE           1.333         0.86806          1.4073         0.91785          2.5736               0        0.022071        0.025855       0.0070529       0.0072655         0.07978               0             4.5               
         B        582        SER         0.44868         0.63743               0               0          1.4512               0        0.044942        0.040483        0.093958       0.0028713        0.096829               0            -0.8               
         B        583        THR          3.5842         0.78039           4.156         0.48295          4.5592          2.2643        0.019428        0.017444        0.012807         0.01362        0.047224               0            -0.7               
         B        584        TYR          1.0426          1.1961         0.66477         0.91805           3.552               0         0.45368         0.36243         0.61394         0.34348          1.3682        0.036804            -1.3               
         B        585        THR          1.3758          1.2783               0               0          3.2681               0         0.35638         0.21643         0.55604         0.18268         0.81215         0.12042            -0.7               
         B        586        THR         0.56491         0.92491               0               0          2.4264               0         0.76005         0.24457         0.96574         0.19496          1.2408           0.478            -0.7               
         B        587        ASN          1.1144         0.95723          1.5879         0.98587          2.4246               0         0.25563         0.16013         0.11225        0.079114         0.49926        0.057855            -3.5               
         B        588        LEU          2.3593          1.6952          3.7744         0.88532          4.9976               0         0.19212         0.14815        0.070923        0.054152         0.44721               0             3.8               
         B        589        GLY         0.89405          0.9503               0               0          2.2436               0         0.65602         0.15844               0               0         0.84423         0.48855            -0.4               
         B        590        SER         0.45019         0.63992               0               0          1.4621               0          1.0215         0.25775          1.3818         0.01361          1.3954         0.76608            -0.8               
         B        591        GLY               0               0               0               0               0               0          1.1607         0.42045               0               0          1.7786         0.73665            -0.4               
         B        592        PRO         0.40865         0.64799               0               0          1.5221               0          1.4975         0.42371          1.8715         0.34973          2.3079         0.98474             1.6               
         B        593        VAL         0.58211         0.67709         0.50798         0.71839          1.5239               0         0.47908         0.15351         0.37524        0.097457         0.70818         0.24046             4.2               
         B        594        SER          1.1184          1.1914               0               0          2.8457               0         0.60762         0.28418         0.96654         0.13849           1.105          0.2864            -0.8               
         B        595        ILE          2.8893          1.5987          4.1732          0.7941          5.2959               0        0.071059        0.070232       0.0041433       0.0071764         0.18408               0             4.5               
         B        596        SER          2.3741          1.4375         0.71228         0.71228          4.3587               0         0.15997        0.089516         0.25998        0.075902         0.33588        0.063253            -0.8               
         B        597        ALA          4.0313         0.47357           4.043               0          4.6395          3.3989        0.099221        0.037592        0.068705               0         0.17077        0.068705             1.8               
         B        598        VAL         0.77498         0.93593         0.50058         0.70793          2.4005               0        0.013352        0.012939        0.016081        0.012934        0.031671               0             4.2               
         B        599        GLY         0.89374         0.95197               0               0          2.2511               0               0               0               0               0               0               0            -0.4               
         B        600        VAL          1.5201          1.0663          1.3238          1.0148          2.8022               0        0.036025        0.036785        0.067812        0.031373         0.10263               0             4.2               
         B        601        LEU           4.159         0.48465          4.5012         0.36658          4.8864          3.4792        0.092246        0.067206        0.050913        0.051225         0.22587        0.011638             3.8               
         B        602        ALA          1.9343          1.0986               0               0          3.1737               0         0.23171        0.059152         0.24789               0         0.30248         0.12647             1.8               
         B        603        PRO         0.60607         0.70487               0               0          1.5358               0         0.63249         0.14141         0.76393         0.11453         0.86069         0.48855             1.6               
         B        604        HIS         0.40338         0.61832         0.22575         0.50478          1.4543               0         0.71994         0.19958         0.73114         0.19918         0.98474         0.48855            -3.2               
         B        605        SER               0               0               0               0               0               0          2.0163         0.53813          1.8944               0          2.8592           1.217            -0.8               
