pdb_id: 3V6B
analysis type: bound
radii_file: C:\Users\choi\Desktop\PSAIA_output\amac_data\chothia.radii
ASA_zSice: 0.25
ASA_rSolvent: 1.4
CX_sRadius: 10
CX_vAtom: 20.1
radii_file: C:\Users\choi\Desktop\PSAIA_output\amac_data\hydrophobicity.hpb

  chain id|    res id|  res name|    average DPX|      s_avg DPX|   s-ch avg DPX| s-ch s_avg DPX|        max DPX|        min DPX|     average CX|       s_avg CX|    s-ch avg CX|  s-ch s_avg CX|         max CX|         min CX| Hydrophobicity|               
         A         14        THR               0               0               0               0               0               0          8.2009          2.1719          9.0404          1.9843          11.259          5.5124            -0.7               
         A         15        LYS         0.24637         0.49274               0               0          1.2318               0          3.7889         0.63262           3.434               0          4.9542           3.253            -3.9               
         A         16        GLY         0.30688         0.53154               0               0          1.2275               0          2.6005         0.36932               0               0          3.0862          2.1104            -0.4               
         A         17        TRP          0.2546         0.64698               0               0          2.2378               0          2.7509         0.35625          2.9318         0.24073          3.3416          2.1575            -0.9               
         A         18        SER               0               0               0               0               0               0          2.4343         0.36031          2.8983          0.1093          3.0076          2.0203            -0.8               
         A         19        GLU               0               0               0               0               0               0          1.9493         0.20108          2.1575               0          2.1575          1.6379            -3.5               
         A         20        VAL          0.1762         0.43161               0               0          1.2334               0          1.7422         0.19819          1.8948        0.032831          1.9352          1.3415             4.2               
         A         21        LEU         0.33665         0.58578               0               0          1.4587               0          1.4526         0.20571          1.5556         0.12432          1.6379          1.0233             3.8               
         A         22        LYS         0.20567          0.4599               0               0           1.234               0          1.6176         0.29666          1.9471         0.30913          2.2562          1.3682            -3.9               
         A         23        GLY               0               0               0               0               0               0           1.385        0.090932               0               0          1.5414          1.3155            -0.4               
         A         24        SER         0.87492         0.93493               0               0          2.3989               0           1.093         0.13833         0.96882        0.074295          1.3155         0.89452            -0.8               
         A         25        GLU         0.72659         0.84708          0.3005           0.601          2.2484               0          1.1312         0.33045          1.3476         0.28028          1.8162         0.73665            -3.5               
         A         26        CYS         0.44764         0.63642               0               0           1.456               0         0.49724        0.086251         0.38545         0.03222         0.59082         0.35323             2.5               
         A         27        LYS         0.76626         0.89552          0.3033          0.6066          2.4001               0           0.844          0.4246          1.1521         0.33031           1.605         0.39864            -3.9               
         A         28        PRO         0.60392         0.70232               0               0          1.5246               0         0.49612        0.084997          0.4411         0.02867         0.68063         0.40809             1.6               
         A         29        ARG         0.60812         0.84326          0.1898          0.4649          2.3886               0         0.83138         0.15437         0.93281        0.078443          1.0233         0.55521            -4.5               
         A         30        PRO         0.42763         0.67624               0               0          1.5186               0          1.1844         0.23895           1.391         0.10841          1.5414         0.86069             1.6               
         A         31        ILE          0.8024         0.84621          0.3788          0.6561          2.2495               0         0.94881         0.14044         0.88629          0.1294          1.1484         0.75124             4.5               
         A         32        VAL         0.38299          0.6085               0               0          1.4523               0          1.3919         0.28325          1.6737         0.19171          1.9352          1.0233             4.2               
         A         33        VAL         0.98163         0.89883         0.50449         0.71346          2.3854               0         0.65136        0.089271         0.57699        0.059147         0.76608         0.51013             4.2               
         A         34        PRO         0.60167         0.69917               0               0          1.5091               0         0.92163         0.30335          1.2384         0.17704          1.4809         0.60306             1.6               
         A         35        VAL         0.91893         0.84671         0.50616         0.71582          2.2569               0         0.29446         0.14676         0.13641        0.044057         0.46759        0.074214             4.2               
         A         36        SER               0               0               0               0               0               0         0.61745         0.18527         0.59538        0.085249         0.92961         0.38012            -0.8               
         A         37        GLU         0.14743         0.41698               0               0          1.3268               0          1.5942         0.45721           1.927         0.30762          2.4164          0.9119            -3.5               
         A         38        THR         0.36502         0.57775               0               0          1.3267               0         0.63378         0.14411         0.47952        0.047245         0.84423         0.41767            -0.7               
         A         39        HIS          1.1136          1.0001         0.87853         0.95803          2.5212               0          0.6543         0.12919         0.59381         0.13173         0.79653         0.39864            -3.2               
         A         40        PRO         0.20933         0.51276               0               0          1.4653               0          1.0335          0.2312          1.2681        0.080592          1.3682         0.65395             1.6               
         A         41        GLU         0.13659         0.38635               0               0          1.2294               0          1.1262         0.22821          1.3165        0.046641          1.3954         0.78118            -3.5               
         A         42        LEU         0.56232         0.72616         0.75979          0.7598          1.5255               0         0.65245         0.23874         0.77662          0.2433          1.1937         0.33588             3.8               
         A         43        THR          0.3808         0.60462         0.47866         0.67692           1.436               0         0.34939        0.080666         0.39326        0.034403         0.45733         0.22587            -0.7               
         A         44        SER         0.44796         0.63681               0               0           1.456               0         0.43555        0.085455         0.53969        0.051134         0.59082          0.3445            -0.8               
         A         45        GLN         0.81972         0.97328         0.30093         0.60187          2.3951               0         0.43065         0.14844         0.52208         0.13092         0.69429         0.21161            -3.5               
         A         46        ARG         0.24384         0.51954               0               0          1.4549               0         0.30473         0.18052         0.39946         0.16254         0.70818         0.12042            -4.5               
         A         47        PHE         0.49636         0.65869         0.39549         0.62532           1.465               0          0.2071        0.079846         0.16507        0.046095         0.38012        0.096829             2.8               
         A         48        ASN         0.32032         0.55537               0               0          1.3314               0         0.36797        0.068888         0.33413        0.078044         0.43722          0.2187            -3.5               
         A         49        PRO         0.76623          0.9258               0               0           2.376               0         0.62088        0.092432         0.67356         0.05713         0.75124           0.478             1.6               
         A         50        PRO          0.2097         0.51367               0               0          1.4679               0         0.73299         0.10842         0.82692        0.086531          0.9119         0.59082             1.6               
         A         51        CYS         0.68061         0.68619               0               0          1.5265               0         0.83604         0.27576           1.142         0.28127          1.4232         0.64093             2.5               
         A         52        VAL         0.38332         0.60879               0               0           1.449               0         0.44256         0.17969         0.24344        0.060382         0.65395         0.16423             4.2               
         A         53        THR         0.38393         0.60999               0               0          1.4558               0          1.0118         0.38638          1.4405         0.14123          1.6379         0.64093            -0.7               
         A         54        LEU          2.0167          1.0517          2.6896         0.75185          3.5386               0         0.38089         0.15468         0.23897        0.070946         0.57877         0.14504             3.8               
         A         55        MET          1.1704          1.2261               0               0          2.9491               0         0.58073         0.22842         0.76309         0.17812         0.92961         0.29439             1.9               
         A         56        ARG         0.95476         0.94857         0.75777         0.93328          2.4613               0         0.41247        0.096953         0.44288         0.10482         0.66718         0.29439            -4.5               
         A         57        CYS         0.92557         0.94975         0.89722         0.89722          2.2451               0          0.3137        0.089566         0.26302               0           0.478         0.22587             2.5               
         A         58        GLY           1.224         0.80052               0               0          2.2462               0         0.47183        0.077212               0               0         0.54369          0.3445            -0.4               
         A         59        GLY               0               0               0               0               0               0         0.80503        0.036177               0               0         0.86069         0.76608            -0.4               
         A         60        CYS         0.22107         0.49434               0               0          1.3264               0         0.83021         0.22757          1.1321         0.10878          1.2408         0.61548             2.5               
         A         61        CYS               0               0               0               0               0               0         0.83335         0.23956         0.55305        0.075055          1.1937           0.478             2.5               
         A         62        ASN               0               0               0               0               0               0          2.3228         0.68857          2.8007         0.46832          3.3416          1.1937            -3.5               
         A         63        ASP         0.15342          0.4059               0               0          1.2273               0          1.7141         0.24866          1.8608         0.13104          2.0203          1.1937            -3.5               
         A         64        GLU               0               0               0               0               0               0          2.7544          1.0844          3.5549         0.81801          4.4841          1.6379            -3.5               
         A         65        SER         0.20542         0.45933               0               0          1.2325               0          1.5823         0.15848          1.7633        0.091499          1.8548          1.3954            -0.8               
         A         66        LEU         0.92486         0.98725         0.37986         0.65793          2.3965               0         0.98853        0.087016         0.98273        0.071813          1.1484         0.86069             3.8               
         A         67        GLU         0.72477         0.84579         0.30156         0.60311          2.2501               0         0.95217         0.42672          1.2409         0.35725          1.7786           0.478            -3.5               
         A         68        CYS         0.74082         0.75708         0.88325         0.88325          1.7665               0         0.42661        0.059745          0.3626        0.026718         0.53233         0.33588             2.5               
         A         69        VAL          1.3287          1.2217               0               0          3.0417               0         0.57572         0.11898         0.70871        0.029943         0.73665         0.43722             4.2               
         A         70        PRO         0.42713         0.67545               0               0          1.5157               0         0.58157         0.12784         0.54489        0.043293         0.84423         0.45733             1.6               
         A         71        THR         0.18911         0.46323               0               0          1.3238               0          1.1036         0.21708          1.0596        0.080189          1.4809         0.73665            -0.7               
         A         72        GLU         0.39788         0.77557               0               0          2.2524               0          1.6885         0.70295          2.1868         0.55698          3.0862         0.84423            -3.5               
         A         73        GLU         0.16156         0.45697               0               0          1.4541               0          1.0846         0.17653           1.079         0.15763          1.3954         0.84423            -3.5               
         A         74        VAL         0.18999         0.46537               0               0          1.3299               0          1.0878         0.18282           1.202         0.18263          1.3682         0.87746             4.2               
         A         75        ASN         0.18203         0.48159               0               0          1.4562               0          1.4558         0.25248          1.6073         0.21703          1.8944           1.105            -3.5               
         A         76        VAL         0.58154         0.67599         0.50514         0.71437          1.5154               0         0.97425        0.074899          0.9802        0.059252          1.0633         0.82805             4.2               
         A         77        THR          0.3833         0.60882               0               0            1.45               0          1.1932         0.21128          1.3952         0.14973           1.605         0.98474            -0.7               
         A         78        MET         0.33521         0.58332               0               0          1.4535               0         0.74104         0.10378         0.70467         0.11067         0.87746         0.59082             1.9               
         A         79        GLU          0.2984         0.56073               0               0          1.4544               0          1.3099         0.53752          1.7329         0.32677          2.1575         0.64093            -3.5               
         A         80        LEU          1.3635         0.87677          1.3891         0.89744          2.5098               0         0.37754         0.13762         0.25461        0.076187          0.5669          0.1326             3.8               
         A         81        LEU         0.64687         0.89076               0               0          2.4202               0         0.28921        0.048533         0.28435        0.049986         0.36208         0.24046             3.8               
         A         82        GLY          1.4703         0.96105               0               0          2.3975               0         0.37247        0.073285               0               0         0.49926         0.32737            -0.4               
         A         83        ALA         0.99648         0.87918               0               0          2.2463               0         0.24985        0.049676         0.18408               0         0.31897         0.18408             1.8               
         A         84        SER         0.24238         0.54198               0               0          1.4543               0         0.56363         0.18844         0.79428         0.15336         0.94764         0.39864            -0.8               
         A         85        GLY         0.30905         0.53529               0               0          1.2362               0         0.38033        0.099609               0               0         0.52115          0.2864            -0.4               
         A         86        SER               0               0               0               0               0               0         0.88706         0.36747         0.66909         0.15896          1.5108         0.46759            -0.8               
         A         87        GLY               0               0               0               0               0               0          1.6925         0.40796               0               0          2.1104          1.0233            -0.4               
         A         88        SER               0               0               0               0               0               0          1.5485         0.41402          1.9991         0.25707          2.2562          0.9119            -0.8               
         A         89        ASN          0.1897          0.5019          0.3794         0.65714          1.5176               0          0.8416         0.24289         0.67931         0.13836          1.2652         0.45733            -3.5               
         A         90        GLY         0.89239         0.95021               0               0          2.2464               0         0.81106         0.16239               0               0          1.0431         0.59082            -0.4               
         A         91        MET          0.1811         0.47914               0               0          1.4488               0          1.0153         0.18638          1.0263         0.19128          1.3155         0.82805             1.9               
         A         92        GLN         0.71245         0.83511         0.30351         0.60702          2.2407               0         0.84747          0.2302         0.91928         0.27392          1.4232         0.59082            -3.5               
         A         93        ARG         0.13226         0.41823               0               0          1.4548               0          1.7563         0.73656           2.218          0.5153          2.8592         0.89452            -4.5               
         A         94        LEU          1.0123          0.8606          1.3832          0.8908          2.4887               0         0.50281         0.18191         0.35626         0.14128         0.73665         0.12647             3.8               
         A         95        SER         0.44812         0.63703               0               0          1.4563               0          0.8639         0.26128           1.221        0.094511          1.3155         0.64093            -0.8               
         A         96        PHE          1.5318         0.86636          1.6856         0.85914           2.754               0         0.34535         0.18379         0.21873        0.079928         0.64093         0.12647             2.8               
         A         97        VAL         0.97227          1.1895               0               0           2.894               0         0.64574          0.1709         0.81184        0.096209         0.94764         0.37104             4.2               
         A         98        GLU          1.2568          1.2287         0.30385          0.6077          3.2715               0         0.44777        0.075984         0.44401        0.084599         0.59082         0.33588            -3.5               
         A         99        HIS          1.1367          1.0064          1.2316         0.96623          2.5015               0         0.37132        0.064053          0.3725        0.078373           0.478         0.26302            -3.2               
         A        100        LYS         0.51265         0.62859               0               0          1.3292               0         0.77501          0.1432         0.96601               0         0.96601         0.54369            -3.9               
         A        101        LYS          1.0088         0.88221               0               0           2.253               0         0.71258         0.18642          1.0633               0          1.0633         0.52115            -3.9               
         A        102        CYS         0.74934         0.76798         0.90462         0.90462          1.8092               0         0.42251         0.13747         0.26696        0.011553         0.66718         0.25541             2.5               
         A        103        ASP         0.63001         0.85079               0               0          2.2515               0           0.889         0.40177          1.2458         0.25351           1.605         0.42738            -3.5               
         A        104        CYS          0.4472         0.63591               0               0          1.4566               0         0.62248         0.12504         0.53441        0.056412         0.86069           0.478             2.5               
         A        105        ARG         0.82933          1.1356               0               0          2.8506               0          1.2587         0.37791          1.4744         0.29741          1.9771         0.68063            -4.5               
         A        106        PRO         0.42733          0.6758               0               0           1.521               0          1.5304         0.19874          1.6947          0.1718          1.8162          1.2408             1.6               
         A        107        ARG               0               0               0               0               0               0          1.9569         0.71409          1.5623         0.31796          3.5304          1.1265            -4.5               
         R        131        HIS               0               0               0               0               0               0          3.9192         0.36378          3.3416               0          4.4841          3.3416            -3.2               
         R        132        GLN               0               0               0               0               0               0          3.1632          1.1999          3.8693          1.1143          5.7225           1.605            -3.5               
         R        133        HIS         0.54386         0.66949         0.22574         0.50478          1.5261               0          1.1349         0.21961          1.0118         0.12685           1.605         0.82805            -3.2               
         R        134        GLY          1.2537         0.80461               0               0           2.241               0         0.56648         0.09299               0               0         0.69429         0.46759            -0.4               
         R        135        VAL          0.5996         0.69713         0.50502         0.71421          1.5151               0         0.57575        0.077591         0.63477        0.062602         0.70818           0.478             4.2               
         R        136        VAL          1.2859         0.90366          1.3298          1.0196          2.4776               0         0.27745        0.093322         0.18701        0.028623         0.40809         0.15776             4.2               
         R        137        TYR         0.22336         0.50141               0               0          1.4486               0         0.63704         0.12005         0.70391         0.08478         0.78118         0.44721            -1.3               
         R        138        ILE          1.0685          1.1732          1.7741           1.167          3.0884               0         0.29011          0.1028         0.20619        0.077749         0.41767         0.10263             4.5               
         R        139        THR         0.17593         0.43095               0               0          1.2315               0         0.66984         0.15523         0.83143        0.078812         0.92961         0.46759            -0.7               
         R        140        GLU               0               0               0               0               0               0          1.1023         0.41874          1.3716         0.38424          1.9771         0.68063            -3.5               
         R        141        ASN         0.61334          0.8352               0               0          2.2492               0          1.5337         0.45531          1.9721         0.12947          2.1575         0.98474            -3.5               
         R        142        LYS         0.29133         0.58266               0               0          1.4567               0          1.0207         0.16736         0.87746               0          1.3155         0.86069            -3.9               
         R        143        ASN         0.35645          0.6194               0               0          1.5257               0          1.5926         0.56192          2.0985         0.33765          2.6561         0.96601            -3.5               
         R        144        LYS               0               0               0               0               0               0         0.90486         0.21062          1.1937               0          1.1937         0.59082            -3.9               
         R        145        THR         0.20707         0.50723               0               0          1.4495               0         0.76715         0.15923         0.83881         0.17348          1.0633          0.5669            -0.7               
         R        146        VAL         0.91705         0.84409         0.50528         0.71458          2.2465               0          0.3533        0.091426         0.26229        0.047532         0.46759         0.19769             4.2               
         R        147        VAL         0.38374         0.60969               0               0           1.455               0         0.53534         0.13135           0.643         0.10343         0.78118         0.33588             4.2               
         R        148        ILE          3.3092         0.77105          4.0272         0.31361          4.4855          2.2519         0.14472        0.098408         0.05207        0.038401         0.27851               0             4.5               
         R        149        PRO         0.38606         0.61374               0               0          1.4706               0         0.54074         0.14381         0.61978         0.14121         0.78118          0.3445             1.6               
         R        150        CYS         0.44716         0.63541               0               0           1.449               0         0.23414        0.083685         0.12042               0         0.33588         0.12042             2.5               
         R        151        LEU          0.1827         0.48339               0               0          1.4616               0          1.0138         0.39423          1.3494         0.26999          1.8162         0.52115             3.8               
         R        152        GLY          0.3321         0.57522               0               0          1.3284               0          1.1494         0.24834               0               0          1.4809         0.86069            -0.4               
         R        153        SER               0               0               0               0               0               0          1.9697         0.41535          2.2984         0.23375          2.5322          1.2652            -0.8               
         R        154        ILE         0.80308         0.84594         0.38187         0.66142          2.2418               0          1.5668          0.2076          1.6776         0.12501          1.8162          1.1937             4.5               
         R        155        SER               0               0               0               0               0               0          1.8148         0.35641          2.2869         0.12941          2.4164          1.3954            -0.8               
         R        156        ASN               0               0               0               0               0               0          2.1909         0.62698          2.8066        0.030383          2.8592          1.4232            -3.5               
         R        157        LEU         0.35678         0.61996         0.38164         0.66103          1.5266               0         0.73942         0.20253         0.62808        0.099043          1.1265         0.46759             3.8               
         R        158        ASN               0               0               0               0               0               0          1.1735         0.50873          1.6117         0.33306          1.9352         0.57877            -3.5               
         R        159        VAL         0.42536         0.67267          0.5044         0.71333          1.5132               0         0.24709         0.11504         0.12599        0.041259         0.38932        0.068705             4.2               
         R        160        SER          1.0943          1.1561               0               0          2.6701               0         0.26999         0.14359         0.45761        0.020386           0.478         0.07978            -0.8               
         R        161        LEU          4.3414         0.73962          4.8659         0.47123          5.3827          2.9703        0.097179        0.096954       0.0066472        0.011513         0.24789               0             3.8               
         R        162        CYS          2.7289          1.4543         0.91388         0.91388          4.2112               0          0.2077         0.15598         0.38748         0.10107         0.48855        0.011638             2.5               
         R        163        ALA          3.9361         0.49857          4.3286               0          4.7114          3.4371          0.2552         0.11697         0.15137               0         0.44721         0.15137             1.8               
         R        164        ARG          1.2612          1.2797          1.4143          1.3728          3.6477               0         0.71983         0.27384         0.88511         0.19532          1.1484         0.31068            -4.5               
         R        165        TYR         0.12167         0.40352               0               0            1.46               0          1.4448         0.39074          1.6596          0.2743          2.2562         0.73665            -1.3               
         R        166        PRO         0.51109         0.84484               0               0          2.2499               0          1.5416         0.44575          1.9762         0.19448          2.1575         0.84423             1.6               
         R        167        GLU         0.16193           0.458               0               0          1.4574               0          1.3069         0.26525          1.4434         0.26073          1.8944         0.98474            -3.5               
         R        168        LYS         0.42579         0.60283               0               0          1.3266               0         0.71017         0.20193         0.91594        0.087887          1.0038         0.37104            -3.9               
         R        169        ARG         0.24337         0.51858               0               0          1.4533               0         0.77414         0.14823         0.76825         0.11751           1.105         0.51013            -4.5               
         R        170        PHE         0.45765         0.77713               0               0          2.2504               0         0.42494        0.081538         0.37124         0.04531         0.55521         0.31897             2.8               
         R        171        VAL         0.38389         0.61003               0               0          1.4575               0         0.86113         0.22623          1.1092        0.094539          1.2408         0.62811             4.2               
         R        172        PRO         0.42678          0.6749               0               0          1.5157               0         0.74211         0.30912         0.53079        0.097255          1.3155         0.44721             1.6               
         R        173        ASP         0.32176         0.55762          0.3124          0.5411          1.3245               0          2.0581         0.62059          1.7265         0.27904           3.253          1.3415            -3.5               
         R        174        GLY               0               0               0               0               0               0          2.7396           0.251               0               0           2.932          2.3079            -0.4               
         R        175        ASN               0               0               0               0               0               0          2.8143         0.59022          3.6311               0          3.6311          2.1104            -3.5               
         R        176        ARG         0.26618         0.53236               0               0          1.3309               0          1.0519         0.34824          1.0233               0          1.6379         0.61548            -4.5               
         R        177        ILE          1.0144         0.86405          1.0083          1.0654          2.5032               0          0.6195          0.1588         0.49967        0.066847         0.89452         0.38932             4.5               
         R        178        SER         0.81813         0.87413               0               0          2.2519               0         0.42403         0.17709         0.64133        0.025848         0.66718         0.16423            -0.8               
         R        179        TRP         0.60432         0.69853         0.70067         0.70151          1.4957               0         0.27608         0.12832         0.25298         0.12378         0.51013         0.11443            -0.9               
         R        180        ASP         0.61316         0.83554               0               0          2.2527               0         0.93993         0.45042          1.3241          0.3247          1.7786         0.43722            -3.5               
         R        181        SER         0.24244         0.54212               0               0          1.4546               0          1.0159         0.13171          1.1487        0.022151          1.1708         0.79653            -0.8               
         R        182        LYS               0               0               0               0               0               0          1.5172         0.21537          1.8548               0          1.8548          1.1937            -3.9               
         R        183        LYS         0.51332         0.62943               0               0          1.3314               0           1.014         0.16731           1.105               0          1.2408         0.81215            -3.9               
         R        184        GLY          1.4688         0.95884               0               0          2.3927               0         0.47538         0.18105               0               0         0.76608          0.2864            -0.4               
         R        185        PHE          3.8442         0.92297          4.4043         0.61738          5.4719          2.2525        0.076663        0.062064        0.037538        0.027882         0.18408        0.011638             2.8               
         R        186        THR          1.3653          1.2523               0               0          3.0608               0         0.37687         0.17364         0.56563        0.065029         0.65395         0.20461            -0.7               
         R        187        ILE          3.3617         0.58137           3.702         0.56415          4.6405          2.4982         0.16741        0.067268         0.10858        0.040854         0.26302        0.041988             4.5               
         R        188        PRO          1.1956          1.1312               0               0          2.8542               0         0.44084         0.10949         0.50455         0.13476         0.65395         0.32737             1.6               
         R        189        SER         0.87273         0.94993               0               0          2.4755               0         0.32406        0.055826         0.36493        0.062448         0.42738         0.24789            -0.8               
         R        190        TYR         0.21276         0.47615               0               0          1.3246               0          1.1003         0.32641          1.2715         0.23567          1.6379         0.54369            -1.3               
         R        191        MET         0.18256           0.483               0               0          1.4605               0          0.6338         0.11225         0.66278         0.14371         0.87746         0.48855             1.9               
         R        192        ILE          3.2544          1.1249          4.1179         0.79292          5.4341          1.3324         0.16765         0.13704        0.040186         0.03694         0.39864               0             4.5               
         R        193        SER         0.66311         0.97463               0               0          2.4491               0         0.56209         0.17933         0.73665         0.19296         0.92961         0.36208            -0.8               
         R        194        TYR         0.11437         0.37931         0.17155         0.45388          1.3724               0         0.76134         0.16435          0.7941         0.18151          1.0633         0.53233            -1.3               
         R        195        ALA           1.069         0.95819          2.4954               0          2.4954               0         0.35223        0.076898          0.2864               0           0.478         0.27072             1.8               
         R        196        GLY               0               0               0               0               0               0         0.27283        0.088068               0               0         0.39864         0.17739            -0.4               
         R        197        MET          1.2972          1.1489         0.44738         0.77488          3.2522               0         0.26758         0.15196         0.39396         0.11515          0.5669          0.1085             1.9               
         R        198        VAL          4.8391         0.83364          5.5308         0.33721          5.9137           3.133        0.029857        0.040294               0               0         0.10263               0             4.2               
         R        199        PHE          2.1564          1.6308          1.2788           1.334          4.4174               0         0.22492          0.1468         0.32452        0.076241         0.45733               0             2.8               
         R        200        CYS            1.17         0.90515         0.90916         0.90916          2.4456               0        0.092119        0.057276        0.039913         0.02334         0.19084        0.016573             2.5               
         R        201        GLU         0.16782         0.47466         0.30207         0.60415          1.5104               0         0.45242         0.22049         0.61078          0.1681         0.87746         0.17077            -3.5               
         R        202        ALA         0.98419         0.87183               0               0          2.2577               0         0.54548         0.14536         0.43722               0         0.76608         0.38932             1.8               
         R        203        LYS         0.29205          0.5841               0               0          1.4603               0         0.98563        0.093781          1.0233               0          1.0633         0.81215            -3.9               
         R        204        ILE         0.32069           0.556               0               0          1.3321               0          1.4591         0.48185          1.1628         0.28172          2.3613         0.82805             4.5               
         R        205        ASN               0               0               0               0               0               0          3.4674         0.79163          4.0348         0.72603          5.1293          2.4164            -3.5               
         R        206        ASP               0               0               0               0               0               0          3.2626         0.35689          3.9618               0          3.9618          3.0076            -3.5               
         R        207        GLU         0.13687         0.38714               0               0          1.2319               0          2.2824         0.28946          2.3497         0.18145          2.7214          1.8162            -3.5               
         R        208        SER          0.2424         0.54203               0               0          1.4544               0          1.5476         0.12689          1.4531         0.05772          1.7786          1.3954            -0.8               
         R        209        TYR         0.11059         0.36679               0               0          1.3271               0          1.4133         0.39715          1.6211          0.2923          2.1575         0.70818            -1.3               
         R        210        GLN         0.16836         0.47618         0.30304         0.60608          1.5152               0          0.8475         0.19765         0.88541         0.21211          1.1265         0.57877            -3.5               
         R        211        SER         0.23673         0.52934         0.71019         0.71019          1.4204               0         0.45926         0.14009         0.28275        0.019735         0.62811         0.26302            -0.8               
         R        212        ILE          0.4896         0.87597               0               0          2.3975               0         0.72013         0.22909         0.88004         0.19346          1.1708         0.38012             4.5               
         R        213        MET          1.1839          1.2431               0               0          3.0243               0         0.55546         0.20023         0.67255          0.2181          1.0431          0.3445             1.9               
         R        214        TYR          2.1408          1.5857          1.2922          1.2518          4.2412               0         0.32904         0.14742         0.38483         0.14793         0.68063         0.13878            -1.3               
         R        215        ILE          1.6618          1.3883         0.38042          0.6589          3.5209               0         0.28241        0.050755         0.30921        0.058792         0.38012         0.24046             4.5               
         R        216        VAL          1.5071          1.0906          1.3475          1.0357          2.8832               0         0.15569        0.027641         0.13975          0.0331         0.18408        0.096829             4.2               
         R        217        VAL         0.93496         0.85457         0.50573         0.71521           2.251               0          0.2186        0.033583         0.23392        0.031077         0.26302         0.17739             4.2               
         R        218        VAL         0.38282         0.60822               0               0          1.4514               0         0.29839        0.072036         0.35837        0.054332         0.41767         0.17739             4.2               
         R        219        VAL         0.54022         0.87489               0               0          2.2449               0         0.26935         0.07061         0.21292        0.065931         0.35323         0.12647             4.2               
         R        220        GLY         0.64143         0.64242               0               0          1.3333               0         0.19573        0.041234               0               0         0.23312         0.12647            -0.4               
         R        221        TYR         0.53865         0.66377               0               0          1.4625               0         0.35041        0.077637         0.49926               0         0.49926          0.2864            -1.3               
         R        222        ARG         0.58561         0.80782               0               0          2.2527               0         0.89571         0.62706          1.2598         0.49854          2.2061         0.12042            -4.5               
         R        223        ILE          1.6308          1.3587          2.8966         0.29679          3.2093               0          0.2684         0.14607         0.16466        0.063671         0.55521        0.057855             4.5               
         R        224        TYR         0.11057         0.36672               0               0          1.3269               0         0.82785         0.13816         0.86614        0.047976          1.0431         0.45733            -1.3               
         R        225        ASP         0.61418         0.83654               0               0          2.2537               0         0.84581         0.31812           1.125         0.13937          1.2901         0.35323            -3.5               
         R        226        VAL         0.38406         0.61028               0               0          1.4578               0         0.36847         0.15879         0.19214        0.039775         0.55521         0.15776             4.2               
         R        227        VAL         0.53995         0.87529               0               0           2.251               0         0.58167         0.24619         0.85823         0.07648         0.96601         0.31897             4.2               
         R        228        LEU         0.69461         0.93937          1.3892         0.89437          2.4985               0         0.39638         0.20684         0.23251         0.10111         0.75124        0.085404             3.8               
         R        229        SER               0               0               0               0               0               0         0.90033         0.24908          1.2294        0.035766          1.2652         0.60306            -0.8               
         R        230        PRO         0.51088         0.84473               0               0          2.2504               0         0.94083          0.1589         0.99922         0.12573          1.1265         0.64093             1.6               
         R        231        SER               0               0               0               0               0               0          1.4441         0.35329          1.8813         0.27628          2.1575           1.105            -0.8               
         R        232        HIS         0.25604         0.51255               0               0          1.3294               0          2.6316         0.94742          3.3368         0.41498          3.8465           1.084            -3.2               
         R        233        GLY               0               0               0               0               0               0           1.485         0.16995               0               0          1.7421          1.2652            -0.4               
         R        234        ILE         0.19057         0.50421         0.38115         0.66017          1.5246               0         0.61443         0.20015         0.44786        0.066753         0.98474          0.3445             4.5               
         R        235        GLU         0.16201         0.45824               0               0          1.4581               0          1.4858         0.54609          1.8473         0.48294          2.6561         0.89452            -3.5               
         R        236        LEU         0.38099          0.6599         0.76198         0.76199          1.5294               0         0.54014         0.16806         0.56431         0.22461         0.92961         0.36208             3.8               
         R        237        SER          1.1101          1.1764               0               0          2.7382               0         0.66368         0.22387          0.9704        0.092943          1.0633         0.48855            -0.8               
         R        238        VAL          0.5717         0.93858               0               0          2.4737               0         0.83441         0.15608         0.87247          0.1096          1.0633         0.61548             4.2               
         R        239        GLY         0.33229         0.57555               0               0          1.3292               0          1.1482         0.18502               0               0          1.3954         0.87746            -0.4               
         R        240        GLU         0.39809         0.77586               0               0          2.2528               0          1.0107         0.11991          1.0593         0.13074          1.2652         0.86069            -3.5               
         R        241        LYS         0.33053         0.61852         0.30333         0.60666          1.5166               0          1.4858         0.56772          1.8698         0.48744          2.6561         0.84423            -3.9               
         R        242        LEU         0.80505         0.84878          0.3826         0.66269          2.2531               0          0.4036         0.20909         0.20248        0.061356         0.69429          0.1326             3.8               
         R        243        VAL         0.38388         0.60996               0               0          1.4564               0         0.81252          0.1999          1.0085          0.1493          1.1937         0.60306             4.2               
         R        244        LEU          2.0219          1.3235           1.008          1.0675           3.565               0         0.26262          0.1294         0.14986        0.072452         0.42738        0.031671             3.8               
         R        245        ASN         0.65358         0.90297               0               0          2.4651               0         0.69115         0.27301         0.91827         0.19968          1.2408         0.36208            -3.5               
         R        246        CYS          2.2503          1.1452          0.9017          0.9017          3.3595               0          0.1516        0.078141        0.044658       0.0078546         0.23312        0.036804             2.5               
         R        247        THR          1.3566          1.2444               0               0          3.0388               0         0.40081         0.19698         0.62035        0.033487         0.66718         0.15776            -0.7               
         R        248        ALA          3.2846         0.66234          4.2542               0          4.2542          2.4324         0.14993        0.092413        0.016573               0         0.29439        0.016573             1.8               
         R        249        ARG         0.48752         0.82666               0               0          2.3892               0         0.92987         0.63999          1.2966         0.52051          2.0203         0.22587            -4.5               
         R        250        THR          3.3714         0.78669          4.0698         0.41382          4.4575           2.423         0.21114          0.0954         0.13405        0.062578         0.37104        0.052513            -0.7               
         R        251        GLU          1.1102         0.84992          0.9947         0.86806           2.236               0         0.43136        0.063689         0.45141        0.056567         0.53233         0.30248            -3.5               
         R        252        LEU          0.1822         0.48206               0               0          1.4576               0         0.89285         0.46718          1.2754         0.37354          1.8548         0.40809             3.8               
         R        253        ASN         0.15309         0.40505               0               0          1.2248               0          0.5343         0.18734         0.68471         0.08173         0.78118         0.23312            -3.5               
         R        254        VAL          2.1616          1.0837          3.0882         0.11336          3.2216               0         0.13649         0.06621        0.094782        0.063962         0.24789        0.021556             4.2               
         R        255        GLY               0               0               0               0               0               0        0.072163        0.027522               0               0          0.1085        0.031671            -0.4               
         R        256        ILE          2.0248          1.1307          3.0323         0.41373          3.5481               0        0.091538        0.093303        0.023625        0.023916         0.27851               0             4.5               
         R        257        ASP         0.44753         0.80854               0               0          2.2501               0         0.64176         0.33655         0.94289         0.20425           1.217         0.25541            -3.5               
         R        258        PHE          1.8596          1.4341          2.5379          1.3055          3.7818               0         0.23275         0.20456          0.1002        0.068906         0.65395       0.0067513             2.8               
         R        259        ASN         0.18272         0.48344               0               0          1.4618               0         0.92219         0.42383          1.2825         0.29766          1.6379         0.45733            -3.5               
         R        260        TRP          1.6852          1.5184          2.2136          1.4462          4.2251               0         0.29379         0.29874         0.13058         0.12875          1.0038               0            -0.9               
         R        261        GLU         0.28425         0.53228               0               0          1.3281               0           1.138         0.50782          1.4977           0.409          2.1104         0.57877            -3.5               
         R        262        TYR         0.24255         0.54306         0.36382         0.63107          1.5233               0         0.77706            0.24         0.65973         0.16503          1.2901           0.478            -1.3               
         R        263        PRO               0               0               0               0               0               0          1.0686         0.29214         0.80156        0.094716          1.5728         0.68063             1.6               
         R        269        HIS               0               0               0               0               0               0          1.8289         0.45014          2.3079               0          2.3079           1.105            -3.2               
         R        270        LYS               0               0               0               0               0               0          1.3241         0.37051         0.73665               0          1.8162         0.73665            -3.9               
         R        271        LYS               0               0               0               0               0               0          1.0861         0.27213          1.5108               0          1.5108         0.70818            -3.9               
         R        272        LEU         0.37302         0.64624         0.38006         0.65828          1.5202               0         0.95162         0.30608         0.73637         0.19929          1.5414         0.42738             3.8               
         R        273        VAL         0.36676         0.58044               0               0          1.3302               0          1.0208         0.34669          1.3769         0.21056          1.6718         0.60306             4.2               
         R        274        ASN         0.33708         0.58679               0               0          1.4657               0         0.58902         0.16624         0.45911        0.050579         0.92961         0.38012            -3.5               
         R        275        ARG           0.757         0.95489               0               0          2.2539               0         0.67882         0.14433         0.92961               0         0.92961         0.54369            -4.5               
         R        283        SER               0               0               0               0               0               0          5.1497          1.6127          4.7106        0.078227          8.4726          3.5304            -0.8               
         R        284        GLU               0               0               0               0               0               0          2.8203         0.85814          3.6311               0          3.8465          1.6718            -3.5               
         R        285        MET         0.68211         0.68786               0               0          1.5323               0          1.2948         0.17642          1.3084         0.11478           1.605          1.0633             1.9               
         R        286        LYS         0.63628         0.71573         0.60781         0.74441          1.5223               0         0.54743         0.11018         0.50164        0.059601         0.73665         0.42738            -3.9               
         R        287        LYS         0.29266         0.58531               0               0          1.4633               0         0.72905         0.15222          1.0038               0          1.0038         0.59082            -3.9               
         R        288        PHE           1.058         0.88246          1.2964          0.9122          2.3949               0         0.26987          0.1003         0.19931        0.027466         0.45733         0.15776             2.8               
         R        289        LEU         0.52709         0.68463         0.37959         0.65747          1.5184               0         0.57598         0.13906         0.70684        0.061771         0.81215         0.40809             3.8               
         R        290        SER          2.0848          1.1207         0.70904         0.70904          3.4534               0         0.26415        0.054972         0.19434        0.010267          0.3445         0.18408            -0.8               
         R        291        THR          0.7503         0.93367               0               0          2.4813               0         0.55795        0.065045         0.61995        0.021252         0.64093         0.45733            -0.7               
         R        292        LEU          3.4711         0.64862          3.9996         0.26905          4.2498          2.2555         0.32956        0.091614         0.26358        0.076157           0.478         0.18408             3.8               
         R        293        THR         0.75097         0.93454               0               0           2.483               0         0.70678         0.16909         0.88065        0.078121         0.98474         0.49926            -0.7               
         R        294        ILE          1.0074         0.82164          0.7578         0.75782          2.2477               0         0.53803         0.18361         0.38885         0.10802         0.82805         0.22587             4.5               
         R        295        ASP         0.18259         0.48309               0               0          1.4607               0          1.4579         0.31131           1.735         0.17582          2.0203          1.0431            -3.5               
         R        296        GLY               0               0               0               0               0               0          1.1054         0.10828               0               0           1.217         0.94764            -0.4               
         R        297        VAL         0.36531         0.57817               0               0          1.3264               0         0.49541         0.12938         0.35755        0.043232         0.65395         0.30248             4.2               
         R        298        THR         0.71788         0.87061               0               0          2.2455               0         0.96991         0.41928          1.4042         0.21399          1.7065         0.40809            -0.7               
         R        299        ARG         0.26974          0.5723         0.21546         0.52776          1.5082               0          1.2135         0.59164           1.482         0.59018          2.5322         0.68063            -4.5               
         R        300        SER               0               0               0               0               0               0          1.3066         0.38174          1.8355        0.019289          1.8548         0.96601            -0.8               
         R        301        ASP         0.65675          0.8948               0               0          2.4024               0         0.42713         0.13327         0.41079         0.14843         0.65395         0.25541            -3.5               
         R        302        GLN         0.43742         0.84487               0               0           2.414               0         0.64058         0.24059         0.74325         0.24001          1.1265         0.33588            -3.5               
         R        303        GLY          1.2266         0.80267               0               0          2.2525               0         0.59915        0.091157               0               0         0.70818         0.46759            -0.4               
         R        304        LEU         0.18147         0.48013               0               0          1.4518               0         0.85878         0.21401          1.0153         0.18698          1.3155         0.60306             3.8               
         R        305        TYR           1.644          1.1881            1.13         0.96841          3.5682               0         0.22464         0.10182         0.17042         0.03919           0.478         0.12647            -1.3               
         R        306        THR         0.56655          0.9302               0               0          2.4519               0         0.51102         0.17169         0.69951        0.032218         0.72229         0.27072            -0.7               
         R        307        CYS          2.6528         0.80256          2.6038         0.57206          3.5521          1.3258         0.15161        0.085829        0.039447       0.0077764         0.25541        0.031671             2.5               
         R        308        ALA          1.9081          1.0781               0               0          3.0842               0         0.31888         0.12069         0.55521               0         0.55521          0.2187             1.8               
         R        309        ALA          1.9185           1.088               0               0          3.1259               0         0.13901        0.092947        0.011638               0         0.27072        0.011638             1.8               
         R        310        SER         0.86742         0.94114               0               0          2.4451               0         0.35964         0.20416         0.64184        0.038784         0.68063         0.18408            -0.8               
         R        311        SER          1.4921          1.1163          2.5915         0.11342           2.705               0         0.27605        0.071973         0.27875         0.10136         0.38012         0.17739            -0.8               
         R        312        GLY               0               0               0               0               0               0         0.85494         0.31418               0               0          1.3155         0.51013            -0.4               
         R        313        LEU          0.1895         0.50138         0.37901         0.65646           1.516               0          1.3615         0.30576          1.2314         0.21865          1.8548         0.96601             3.8               
         R        314        MET         0.15355         0.40626               0               0          1.2284               0         0.90806         0.16129          0.8332        0.095342          1.1708         0.68063             1.9               
         R        315        THR          0.2084         0.51047               0               0          1.4588               0         0.90624         0.13302         0.88524         0.11914          1.1265         0.72229            -0.7               
         R        316        LYS         0.71331          0.8368         0.30279         0.60559          2.2501               0         0.63649         0.18708         0.72332         0.17903         0.96601         0.31068            -3.9               
         R        317        LYS         0.16162         0.45713               0               0          1.4546               0          1.0787         0.36455          1.3135         0.33028          1.8944         0.70818            -3.9               
         R        318        ASN         0.80299         0.84642         0.38018         0.65849          2.2472               0         0.67737         0.23543         0.85269         0.19444          1.1265         0.32737            -3.5               
         R        319        SER         0.47939         0.67806         0.70882         0.70882          1.4587               0         0.62902         0.19367         0.80501         0.23811          1.0431         0.46759            -0.8               
         R        320        THR         0.91759         0.84447         0.50673         0.71662          2.2463               0         0.42925         0.10172         0.41266         0.12283         0.55521         0.25541            -0.7               
         R        321        PHE          0.2444         0.52058               0               0          1.4546               0         0.89332         0.25309          1.0646         0.12134          1.2408         0.48855             2.8               
         R        322        VAL          1.3959         0.95853         0.50552         0.71491          2.4192               0         0.27132         0.10159           0.161         0.03588         0.39864          0.1326             4.2               
         R        323        ARG         0.60675          1.0328               0               0          2.7699               0         0.97034          0.5291          1.2905         0.39553          1.8548         0.35323            -4.5               
         R        324        VAL          1.4967          1.0786          1.3361          1.0255          2.8285               0         0.33537          0.1345         0.22372        0.055985         0.60306         0.14504             4.2               
         R        325        HIS          0.5036         0.80036               0               0          2.2438               0         0.85619         0.22854           1.016         0.13729           1.217         0.51013            -3.2               
         R        326        GLU         0.16233         0.45913               0               0          1.4609               0           1.386         0.27499          1.6104         0.11673          1.7421         0.92961            -3.5               
         R        327        LYS          0.4482         0.63723               0               0          1.4582               0          1.9039           0.377          1.9561        0.020966          2.5322          1.3415            -3.9               
         R        328        PRO         0.20951         0.51319               0               0          1.4666               0          2.7265         0.80918          2.1912         0.53209          3.9618          1.7065             1.6               
         R        329        PHE               0               0               0               0               0               0          6.9211          1.0261          7.6011         0.56234          8.4726          4.7888             2.8               
