pdb_id: 3VTT
analysis type: bound
radii_file: C:\Users\choi\Desktop\PSAIA_output\amac_data\chothia.radii
ASA_zSice: 0.25
ASA_rSolvent: 1.4
CX_sRadius: 10
CX_vAtom: 20.1
radii_file: C:\Users\choi\Desktop\PSAIA_output\amac_data\hydrophobicity.hpb

  chain id|    res id|  res name|    average DPX|      s_avg DPX|   s-ch avg DPX| s-ch s_avg DPX|        max DPX|        min DPX|     average CX|       s_avg CX|    s-ch avg CX|  s-ch s_avg CX|         max CX|         min CX| Hydrophobicity|               
         A        576        SER               0               0               0               0               0               0          3.0685         0.63639          3.8491         0.11277          3.9618          2.2061            -0.8               
         A        577        TYR         0.35426         0.61509         0.36515          0.6335           1.533               0          1.3531         0.32825          1.3642          0.3661          2.0647         0.81215            -1.3               
         A        578        ALA          0.7165         0.92463               0               0          2.2519               0          1.0075         0.30922          1.4517               0          1.4517          0.5669             1.8               
         A        579        MET         0.32407         0.58429       0.0061202        0.017311          1.4655               0         0.90609         0.32355          1.0297         0.30739          1.6718           0.478             1.9               
         A        580        CYS          3.1114         0.53475           3.443         0.44404          3.8871          2.2514         0.26138         0.12675        0.099296        0.052072         0.41767        0.047224             2.5               
         A        581        LEU         0.49812         0.89431               0               0          2.4634               0         0.93195         0.46635          1.3325         0.32659          1.8548         0.44721             3.8               
         A        582        ASN         0.31923          0.5534         0.30777         0.53307          1.3228               0         0.58597          0.2815         0.83337         0.18006           1.105         0.26302            -3.5               
         A        583        THR         0.70121         0.85893               0               0          2.2554               0         0.52387         0.20342           0.749        0.067214         0.79653         0.31068            -0.7               
         A        584        PHE          1.0653         0.89196          1.2894         0.92161          2.4486               0         0.14434         0.17585        0.026823        0.034112         0.53233               0             2.8               
         A        585        VAL         0.72003         0.87258               0               0          2.2468               0         0.65818         0.20277         0.86941        0.076218         0.94764         0.40809             4.2               
         A        586        LEU         0.52674           0.684         0.37929         0.65695          1.5172               0         0.72372         0.23481         0.64831         0.15928          1.2408         0.38012             3.8               
         A        587        LYS           0.164         0.46387               0               0           1.476               0          1.1113         0.29227          1.0837         0.29825          1.5728         0.73665            -3.9               
         A        588        LYS               0               0               0               0               0               0          1.3439         0.25264          1.4539         0.25506          1.8944          1.0233            -3.9               
         A        589        GLU         0.13669         0.38661               0               0          1.2302               0          2.4251          1.1728          3.2525          0.9444          4.2099          1.1484            -3.5               
         A        590        VAL         0.38956         0.61992         0.49814         0.70448          1.4944               0         0.74578         0.26875         0.47198        0.080074          1.1265         0.37104             4.2               
         A        591        SER         0.84237         0.89073               0               0          2.2593               0         0.82629         0.22961          1.0873        0.083493          1.1708         0.45733            -0.8               
         A        592        GLU         0.16121         0.45596               0               0          1.4509               0          0.6922         0.24464         0.51866        0.054492          1.2408         0.44721            -3.5               
         A        593        THR         0.39494         0.62509         0.47828         0.67639          1.4348               0          1.0785         0.16338          1.0134         0.07915          1.3954         0.87746            -0.7               
         A        594        GLN         0.14769         0.41774               0               0          1.3292               0          2.5415         0.64981          3.0194         0.41123          3.6311          1.7065            -3.5               
         A        595        HIS         0.13313          0.3994               0               0          1.3313               0          1.7169         0.81417          2.1952         0.67841           3.168         0.65395            -3.2               
         A        596        GLY         0.30813         0.53369               0               0          1.2325               0         0.43439         0.15729               0               0         0.66718         0.24789            -0.4               
         A        597        THR          2.2274          1.1106          1.3053         0.99179          3.5056               0         0.37752        0.084431         0.43414        0.069616         0.48855         0.25541            -0.7               
         A        598        ILE          2.0695          1.3413         0.99714           1.051           3.688               0         0.17231        0.052113         0.13401         0.03938         0.26302        0.068705             4.5               
         A        599        LEU         0.68204         0.91756         0.38161         0.66097          2.4148               0         0.47324         0.15859          0.6127         0.10656         0.79653         0.32737             3.8               
         A        600        ILE          1.3207          1.4487          2.6414         0.84214          3.9235               0         0.16272         0.11596        0.050401        0.033179         0.30248               0             4.5               
         A        601        LYS         0.92366          1.1102         0.30423         0.60845          2.9006               0         0.75588         0.43709          1.0279         0.42041          1.7786         0.38012            -3.9               
         A        602        VAL          2.1222         0.96856          1.3477          1.0331          3.0369               0          0.1909        0.075237          0.1073        0.029103         0.27072        0.074214             4.2               
         A        603        GLU         0.46638         0.66325         0.30283         0.60567          1.5142               0         0.52304         0.29303          0.7412         0.21657          1.0233         0.21161            -3.5               
         A        604        TYR          1.9113          1.3472          2.5299          1.1593          3.6949               0         0.15607         0.11658          0.1156        0.099404         0.37104       0.0067513            -1.3               
         A        605        LYS         0.29846          0.5609               0               0          1.4561               0          1.0061         0.48459          1.3027           0.443          2.0647         0.35323            -3.9               
         A        606        GLY         0.66967         0.67441               0               0          1.4522               0         0.66472        0.037925               0               0         0.70818         0.61548            -0.4               
         A        607        GLU               0               0               0               0               0               0          1.6406           0.504          2.0768        0.096585          2.2061          0.9119            -3.5               
         A        608        ASP         0.15577         0.41212         0.31153         0.53959          1.2461               0         0.69459         0.14613         0.68277         0.16618         0.94764         0.48855            -3.5               
         A        609        ALA         0.29226         0.58452               0               0          1.4613               0         0.68147         0.25495         0.43722               0           1.105         0.43722             1.8               
         A        610        PRO         0.58745           0.683               0               0          1.5312               0         0.89589         0.26451          1.1499         0.18089          1.2901         0.55521             1.6               
         A        611        CYS          1.9159          1.0314          0.9088          0.9088          3.3523               0          0.2936        0.062548         0.23336        0.069126         0.37104         0.16423             2.5               
         A        612        LYS          1.0562          1.2352               0               0          3.0453               0         0.67189         0.44647         0.98855         0.36011          1.5728         0.21161            -3.9               
         A        613        ILE          1.7089          1.1455          1.7567          1.1426          2.9927               0         0.11273        0.087335        0.040374        0.039934         0.26302               0             4.5               
         A        614        PRO         0.94444         0.88197          1.3026         0.98639          2.3862               0           0.323        0.091238         0.33112         0.10963         0.44721         0.18408             1.6               
         A        615        PHE         0.51053          0.6756         0.59449         0.68646          1.4544               0         0.34439         0.16497         0.24591        0.088893         0.68063         0.11443             2.8               
         A        616        SER         0.81708         0.87234               0               0          2.2452               0          0.4387         0.15541         0.59231         0.04862         0.64093         0.18408            -0.8               
         A        617        THR         0.58943         0.68377          0.4769         0.67443          1.4607               0         0.36067         0.12414          0.3036         0.12737          0.5669         0.17739            -0.7               
         A        618        GLU           1.005          1.1652               0               0          2.8031               0         0.50811         0.14053         0.62838        0.021218         0.65395         0.29439            -3.5               
         A        619        ASP         0.49354         0.64042         0.31313         0.54235          1.4645               0          1.1006         0.38551          1.4256         0.27618          1.8548         0.61548            -3.5               
         A        620        GLY               0               0               0               0               0               0           1.589          0.2922               0               0          2.0203          1.2408            -0.4               
         A        621        GLN               0               0               0               0               0               0          3.1431         0.67568          3.7796         0.18239          3.9618          1.8944            -3.5               
         A        622        GLY               0               0               0               0               0               0          1.8037         0.13594               0               0          2.0203          1.6718            -0.4               
         A        623        LYS         0.17576         0.43052               0               0          1.2303               0          2.0632         0.69138          2.7853         0.26273          3.0076           1.084            -3.9               
         A        624        ALA               0               0               0               0               0               0          1.3918          0.2171          1.7786               0          1.7786          1.1937             1.8               
         A        625        HIS         0.14955         0.44865         0.24925         0.55734          1.4955               0         0.81013         0.17872         0.70759          0.1537          1.0431         0.54369            -3.2               
         A        626        ASN         0.16657         0.44071               0               0          1.3326               0          1.0175         0.29377          1.2919          0.0633          1.3682         0.60306            -3.5               
         A        627        GLY               0               0               0               0               0               0         0.55163        0.088395               0               0         0.66718         0.42738            -0.4               
         A        628        ARG         0.56637         0.78674         0.18954         0.46427          2.2469               0         0.52846         0.11006         0.59629        0.055929         0.66718         0.31897            -4.5               
         A        629        LEU         0.33581         0.58422               0               0          1.4528               0         0.40021        0.081504         0.37311        0.091796         0.51013          0.2187             3.8               
         A        630        ILE         0.37332         0.64688         0.38269         0.66283          1.5307               0         0.50537        0.071742         0.45964        0.058948         0.62811         0.39864             4.5               
         A        631        THR         0.37988         0.60299         0.47637         0.67369          1.4291               0         0.59551         0.10263         0.54117        0.088698         0.79653         0.43722            -0.7               
         A        632        ALA         0.53966         0.66548               0               0          1.4718               0         0.59432         0.11772         0.59082               0         0.79653         0.46759             1.8               
         A        633        ASN               0               0               0               0               0               0         0.78635         0.17423          0.9393          0.1024           1.105         0.55521            -3.5               
         A        634        PRO         0.58011         0.67317          0.4952         0.70032          1.4856               0         0.38457        0.078191         0.38546        0.085792         0.48855         0.27851             1.6               
         A        635        VAL         0.96015         0.90997          1.3442          1.0314          2.5068               0         0.40921          0.1599         0.57288        0.096134         0.68063         0.22587             4.2               
         A        636        VAL          1.3987          0.9606         0.50762         0.71789          2.4291               0         0.15887         0.10689        0.064735         0.04791         0.31897               0             4.2               
         A        637        THR         0.38518         0.61208               0               0          1.4623               0          1.0273         0.33406          1.3303          0.2416          1.6718         0.51013            -0.7               
         A        638        LYS         0.71617         0.92401               0               0          2.2499               0         0.82563         0.29351          1.3682               0          1.3682         0.53233            -3.9               
         A        639        LYS           0.299         0.56198               0               0          1.4602               0         0.85762         0.42396          1.1051         0.42851          1.8162           0.478            -3.9               
         A        640        GLU         0.16231         0.45909               0               0          1.4608               0          1.6069         0.37893           1.866         0.23166          2.1575          0.9119            -3.5               
         A        641        GLU         0.28492         0.53353               0               0          1.3303               0          1.4136         0.56498          1.8243         0.39579          2.4733          0.5669            -3.5               
         A        642        PRO          0.6054         0.70449               0               0          1.5362               0         0.78072          0.1943         0.95586         0.12615           1.105         0.51013             1.6               
         A        643        VAL         0.93859         0.85816         0.50975          0.7209          2.2609               0         0.32546        0.047636         0.28416        0.022619         0.39864         0.25541             4.2               
         A        644        ASN         0.18253         0.48293               0               0          1.4602               0         0.90222         0.33678           1.204          0.1972          1.5414         0.52115            -3.5               
         A        645        ILE         0.73741          0.7397         0.76037         0.76037          1.5252               0         0.21388         0.12239        0.099867        0.057078         0.37104        0.011638             4.5               
         A        646        GLU         0.90667          1.0822         0.30403         0.60807          2.7819               0         0.46457         0.14918           0.562         0.13497         0.78118         0.31068            -3.5               
         A        647        ALA          1.9409          1.1112               0               0          3.2299               0         0.17096        0.057704        0.091087               0         0.26302        0.091087             1.8               
         A        648        GLU         0.90902          1.1215         0.30416         0.60833          3.0299               0         0.40308          0.1941          0.5539         0.12458         0.70818         0.15137            -3.5               
         A        649        PRO         0.75933         0.90621         0.51042         0.72184          2.2664               0        0.066803        0.078368       0.0012741      0.00090093          0.2187               0             1.6               
         A        650        PRO         0.92821         0.87758          1.3072          0.9957          2.4141               0         0.33285        0.085963         0.34581        0.098813           0.478         0.21161             1.6               
         A        651        PHE         0.13224         0.41817               0               0          1.4546               0         0.99983         0.22306          1.1443         0.13328          1.3155         0.62811             2.8               
         A        652        GLY         0.30823         0.53387               0               0          1.2329               0         0.71556         0.17262               0               0          0.9119           0.478            -0.4               
         A        653        GLU         0.16209         0.45846               0               0          1.4588               0          1.0198         0.45735          1.3375         0.36886          1.8944         0.48855            -3.5               
         A        654        SER          1.1053         0.85466         0.71281         0.71281          2.3841               0         0.21666        0.093643         0.12435        0.066494          0.3445        0.057855            -0.8               
         A        655        ASN          1.1818          1.2418               0               0          3.0316               0          0.3642         0.21741         0.56339          0.1107         0.69429         0.12042            -3.5               
         A        656        ILE          4.0161         0.46418          4.2654         0.37944          4.8411          3.4796          0.1176         0.12474        0.022303         0.02238         0.37104               0             4.5               
         A        657        VAL          1.1456          1.1103         0.50776         0.71809          2.8713               0         0.35082        0.073277          0.3871        0.074743         0.48855         0.26302             4.2               
         A        658        ILE          1.6132          1.0203         0.75155         0.75161          2.7427               0         0.13335        0.058088        0.096634        0.054161         0.22587        0.021556             4.5               
         A        659        GLY         0.67052         0.67504               0               0          1.4514               0         0.27023        0.064502               0               0         0.32737         0.17077            -0.4               
         A        660        ILE         0.15377         0.40684               0               0          1.2302               0         0.68421         0.15552         0.71754         0.06452         0.89452         0.38012             4.5               
         A        661        GLY               0               0               0               0               0               0          1.5198         0.24133               0               0          1.7786          1.1708            -0.4               
         A        662        ASP         0.15379         0.40689               0               0          1.2303               0          2.7618         0.81924          3.5027         0.29791          3.7363          1.4517            -3.5               
         A        663        LYS               0               0               0               0               0               0          1.7154         0.68486          2.1651         0.53096          2.8592         0.73665            -3.9               
         A        664        ALA         0.24667         0.49333               0               0          1.2333               0          0.6806         0.11839          0.5669               0         0.86069          0.5669             1.8               
         A        665        LEU          0.8187         0.85691         0.37818         0.65502          2.2466               0         0.40331         0.08167         0.40701        0.093892         0.55521         0.29439             3.8               
         A        666        LYS         0.16149         0.45675               0               0          1.4534               0         0.76522         0.15463         0.76271         0.10296           1.105         0.59082            -3.9               
         A        667        ILE         0.99472         0.81695         0.75909         0.75911          2.2579               0         0.42071         0.12862         0.34886         0.11621          0.5669         0.15776             4.5               
         A        668        ASN         0.33606         0.58488               0               0          1.4588               0         0.96436         0.19508          1.1418        0.098392          1.2901         0.72229            -3.5               
         A        669        TRP         0.20252          0.4964         0.13704         0.41113          1.4649               0         0.46745         0.19687         0.46502         0.23194         0.86069         0.20461            -0.9               
         A        670        TYR         0.22528         0.50582               0               0          1.4641               0          1.2974         0.60049          1.6465         0.41636          2.4733         0.55521            -1.3               
         A        671        ARG         0.63756         0.70253         0.61845         0.71652          1.5373               0         0.55802         0.15475         0.48052        0.091139         0.89452         0.36208            -4.5               
         A        672        LYS           0.136         0.38466               0               0           1.224               0          1.7823          1.0055          2.4143         0.94939          4.0829         0.82805            -3.9               
         A        673        GLY               0               0               0               0               0               0          1.9348         0.38091               0               0          2.4164          1.4232            -0.4               
         A        674        SER               0               0               0               0               0               0          4.5932          1.0607          4.3802         0.74914          5.9466           3.168            -0.8               
         A        675        SER               0               0               0               0               0               0          8.5802          1.3209           7.872         0.18877          10.578          6.7184            -0.8               
         B        575        MET         0.18315         0.48456               0               0          1.4652               0          1.5996         0.35593          1.3926         0.25273          2.2061          1.1484             1.9               
         B        576        SER               0               0               0               0               0               0          2.5749         0.48066          3.1368         0.20479          3.3416          2.0203            -0.8               
         B        577        TYR         0.46826         0.66356         0.53609         0.69334          1.5252               0          1.1479         0.24117          1.1434         0.26673          1.5728         0.78118            -1.3               
         B        578        ALA         0.71551         0.92334               0               0          2.2487               0         0.90356         0.29206          1.3155               0          1.3155         0.48855             1.8               
         B        579        MET         0.34426         0.57682        0.034607         0.06886          1.4636               0         0.85966          0.3393         0.99101          0.3252          1.6718         0.48855             1.9               
         B        580        CYS          1.9867          1.0696          3.0129        0.006625          3.0195               0         0.26238          0.1377        0.090922        0.054119         0.44721        0.036804             2.5               
         B        581        LEU         0.47114         0.83536               0               0          2.2419               0         0.93733          0.4774          1.3471         0.33797          1.8944         0.45733             3.8               
         B        582        ASN         0.16632         0.44003               0               0          1.3305               0         0.59196          0.2806          0.8372         0.17669           1.084         0.24789            -3.5               
         B        583        THR         0.70063         0.85828               0               0          2.2539               0         0.51437         0.19587         0.73388        0.059749         0.81215         0.31897            -0.7               
         B        584        PHE         0.62109         0.68214         0.59234         0.68399          1.4533               0         0.14132         0.16631        0.028712        0.040905         0.48855               0             2.8               
         B        585        VAL         0.72059         0.87429               0               0          2.2563               0         0.63096         0.21473         0.84503         0.10781         0.98474          0.3445             4.2               
         B        586        LEU         0.33629          0.5853               0               0          1.4602               0         0.69897         0.23655         0.63119         0.15166           1.217         0.37104             3.8               
         B        587        LYS         0.16365         0.46286               0               0          1.4728               0          1.1043         0.29518          1.1246         0.33503          1.6718         0.76608            -3.9               
         B        588        LYS               0               0               0               0               0               0          1.3323         0.22916           1.422          0.2238          1.6718         0.98474            -3.9               
         B        589        GLU         0.13786         0.38992               0               0          1.2407               0           2.981          1.7308           4.207          1.3901          6.1861           1.084            -3.5               
         B        590        VAL         0.39365          0.6272          0.5075         0.71772          1.5225               0         0.81371         0.27582         0.53546        0.068946          1.2652         0.44721             4.2               
         B        591        SER         0.84271          0.8903               0               0          2.2541               0         0.94462         0.21856          1.1824         0.15913          1.3415         0.61548            -0.8               
         B        592        GLU           0.162         0.45821               0               0           1.458               0         0.81111         0.25977         0.62958         0.12057          1.3415         0.45733            -3.5               
         B        593        THR         0.39455         0.62449         0.47803         0.67603          1.4341               0          1.1658         0.21379          1.0339        0.090047          1.5414          0.9119            -0.7               
         B        594        GLN               0               0               0               0               0               0          3.7374          1.5577          4.8972          1.1371          6.1861          1.9352            -3.5               
         B        595        HIS         0.13304         0.39913               0               0          1.3304               0          1.4871         0.35667          1.5932          0.2583          1.9771         0.89452            -3.2               
         B        596        GLY          0.9751          1.0219               0               0          2.3824               0         0.50389          0.1529               0               0         0.72229         0.31068            -0.4               
         B        597        THR          2.3334          1.1935          1.3212          1.0052          3.8679               0         0.44595        0.080505           0.493        0.079961         0.55521         0.33588            -0.7               
         B        598        ILE          3.9158         0.50172          3.7845          0.4664             4.6          3.2072         0.16253        0.095805        0.088763        0.076052         0.30248               0             4.5               
         B        599        LEU          0.6839         0.92093         0.38078         0.65953          2.4285               0         0.52482         0.17902         0.68939        0.096881         0.84423         0.33588             3.8               
         B        600        ILE          1.3217          1.4517          2.6434         0.84913          3.9364               0         0.18437          0.1139        0.075824        0.041208         0.32737        0.011638             4.5               
         B        601        LYS         0.92744          1.1159         0.30348         0.60697          2.9144               0         0.72959          0.3941         0.98068         0.37037          1.6379         0.38932            -3.9               
         B        602        VAL           1.491          1.0703           1.342          1.0303           2.775               0         0.17944        0.075292        0.095239        0.019089         0.27072        0.074214             4.2               
         B        603        GLU         0.72699         0.84833         0.30115         0.60229          2.2568               0         0.50863         0.27985          0.7154         0.21061         0.94764          0.2187            -3.5               
         B        604        TYR          1.8153           1.259           2.386          1.0817          3.5657               0         0.14259         0.11228         0.10346         0.09325         0.37104               0            -1.3               
         B        605        LYS         0.29933         0.56265               0               0          1.4629               0          1.0118         0.51052          1.3105         0.49332          2.1575         0.38012            -3.9               
         B        606        GLY         0.67251         0.67717               0               0          1.4572               0         0.61756        0.057883               0               0         0.68063         0.54369            -0.4               
         B        607        GLU               0               0               0               0               0               0          1.6461         0.54745          2.1187           0.158          2.2562          0.9119            -3.5               
         B        608        ASP               0               0               0               0               0               0         0.66828         0.13922         0.66742         0.15616         0.92961         0.52115            -3.5               
         B        609        ALA         0.29235         0.58471               0               0          1.4618               0         0.62664         0.23486         0.40809               0          1.0233         0.40809             1.8               
         B        610        PRO         0.58787         0.68357               0               0          1.5333               0         0.84265         0.26206            1.09          0.1967          1.2408         0.52115             1.6               
         B        611        CYS          1.9142          1.0271         0.91353         0.91353          3.3358               0         0.25308        0.056773         0.20865        0.069864         0.32737         0.13878             2.5               
         B        612        LYS          1.2236          1.1807         0.30329         0.60657          3.0411               0         0.59208         0.38965         0.87154         0.30866          1.3682         0.17739            -3.9               
         B        613        ILE          1.7148           1.155          1.7745          1.1651          3.0677               0         0.12028        0.088793        0.049652         0.04181         0.27072               0             4.5               
         B        614        PRO          1.2811         0.89205           1.301         0.98657           2.388               0         0.32306         0.08351         0.32873        0.096185         0.44721         0.21161             1.6               
         B        615        PHE         0.25097         0.53239         0.39438         0.62358          1.3818               0         0.35167         0.16503         0.24707        0.090204         0.65395         0.12042             2.8               
         B        616        SER         0.81606         0.87149               0               0          2.2438               0          0.4832         0.16394         0.63754        0.070639         0.70818          0.2187            -0.8               
         B        617        THR         0.58774          0.6816         0.47552         0.67249          1.4519               0         0.35058         0.13073         0.27348         0.10293         0.59082         0.18408            -0.7               
         B        618        GLU          1.4906          1.4601         0.30104         0.60209          3.7763               0         0.51404         0.18334         0.66477         0.06759         0.72229          0.2187            -3.5               
         B        619        ASP          1.0882         0.93446         0.86261         0.92524           2.485               0         0.86933         0.27505          1.1127         0.16125          1.2652         0.54369            -3.5               
         B        620        GLY               0               0               0               0               0               0          1.2806         0.40803               0               0          1.8944         0.79653            -0.4               
         B        621        GLN         0.14765         0.41762               0               0          1.3289               0          2.3898         0.59327          2.6973         0.45172          3.3416          1.4517            -3.5               
         B        622        GLY               0               0               0               0               0               0          1.5041        0.044848               0               0          1.5728          1.4517            -0.4               
         B        623        LYS         0.54653         0.81318               0               0          2.2586               0          2.3207          1.1193          3.0944         0.92902          4.6324          1.0038            -3.9               
         B        624        ALA               0               0               0               0               0               0          1.4054         0.23639          1.8548               0          1.8548          1.1708             1.8               
         B        625        HIS         0.41779         0.63948         0.47509         0.67312          1.4962               0         0.72079         0.15214          0.6478         0.15007         0.92961         0.44721            -3.2               
         B        626        ASN         0.16655         0.44064               0               0          1.3324               0          1.0197         0.29364          1.2656         0.21132           1.605         0.64093            -3.5               
         B        627        GLY         0.63985         0.64077               0               0          1.3283               0         0.48543         0.10311               0               0         0.60306         0.32737            -0.4               
         B        628        ARG         0.45788         0.77774               0               0          2.2537               0         0.65356         0.21246         0.79556          0.1187         0.96601          0.3445            -4.5               
         B        629        LEU         0.33658         0.58557               0               0          1.4566               0         0.36987        0.077695         0.33286        0.065653         0.51013         0.22587             3.8               
         B        630        ILE         0.56136         0.72494          0.7583         0.75835          1.5291               0         0.57354        0.091421         0.58735        0.096901         0.75124         0.43722             4.5               
         B        631        THR         0.71339          0.8664         0.47546          0.6724          2.2417               0         0.59454        0.056931         0.59394        0.071567         0.69429         0.53233            -0.7               
         B        632        ALA               0               0               0               0               0               0         0.68453         0.12834          0.9119               0          0.9119         0.53233             1.8               
         B        633        ASN         0.15428         0.40819         0.30856         0.53444          1.2342               0         0.63891        0.098487         0.68419        0.077494         0.78118         0.46759            -3.5               
         B        634        PRO          0.5804         0.67404         0.49852         0.70502          1.4956               0         0.36092        0.059591         0.37888        0.050344         0.44721         0.25541             1.6               
         B        635        VAL         0.60264         0.70038         0.50751         0.71772          1.5225               0         0.36191         0.12548         0.48865        0.073537         0.57877         0.20461             4.2               
         B        636        VAL          1.3972         0.96003         0.50654         0.71636          2.4327               0         0.15203          0.1094        0.057014        0.041359         0.32737               0             4.2               
         B        637        THR           0.385         0.61182               0               0          1.4623               0         0.97347         0.34916          1.3156         0.20038          1.5728         0.42738            -0.7               
         B        638        LYS         0.71568         0.92382               0               0          2.2505               0         0.80338          0.2938          1.3682               0          1.3682         0.55521            -3.9               
         B        639        LYS         0.16206         0.45838               0               0          1.4585               0         0.82589         0.32905           1.045         0.28918          1.4232         0.48855            -3.9               
         B        640        GLU         0.14779           0.418               0               0          1.3301               0          1.6065         0.39551           1.892         0.25193          2.3079          0.9119            -3.5               
         B        641        GLU         0.28474         0.53319               0               0          1.3296               0          1.3502          0.5586          1.7718         0.34531          2.1575         0.48855            -3.5               
         B        642        PRO         0.42868         0.67798               0               0          1.5294               0          0.7445         0.18722         0.90799         0.12013          1.0431           0.478             1.6               
         B        643        VAL         0.92114         0.84772         0.50858         0.71925          2.2549               0         0.33089        0.038465         0.30272        0.017732         0.39864          0.2864             4.2               
         B        644        ASN         0.18229         0.48229               0               0          1.4583               0         0.90942         0.34712          1.2115         0.23785           1.605         0.54369            -3.5               
         B        645        ILE          1.0486          1.1384          1.7315          1.1216          2.9179               0         0.24019         0.11933         0.13196          0.0515         0.42738        0.047224             4.5               
         B        646        GLU         0.91316          1.0935         0.30362         0.60724          2.8262               0         0.53503         0.17158         0.64943         0.15201         0.89452         0.37104            -3.5               
         B        647        ALA           1.923          1.0946               0               0          3.1699               0         0.17678         0.04965         0.11443               0         0.26302         0.11443             1.8               
         B        648        GLU         0.60807          0.8934         0.30661         0.61322          2.4175               0         0.40848          0.2396         0.58628         0.17371         0.81215         0.11443            -3.5               
         B        649        PRO          1.1029          1.0262           2.127         0.41646          2.4453               0        0.098363        0.087301        0.037545        0.027853         0.27072       0.0067513             1.6               
         B        650        PRO         0.92823         0.87648           1.309         0.99327          2.4048               0         0.30429        0.090877         0.27444         0.10775         0.41767         0.15776             1.6               
         B        651        PHE         0.13189         0.41707               0               0          1.4508               0           1.066         0.27669          1.2513         0.15672          1.5108         0.66718             2.8               
         B        652        GLY         0.30649         0.53086               0               0           1.226               0         0.74527         0.19632               0               0         0.94764         0.46759            -0.4               
         B        653        GLU         0.29898         0.56185               0               0          1.4577               0         0.86294         0.37984          1.1219         0.30032          1.5728          0.3445            -3.5               
         B        654        SER          2.0364          1.0764         0.71076         0.71076           3.309               0         0.18192        0.082433        0.094139        0.014359         0.29439         0.07978            -0.8               
         B        655        ASN          1.8487          1.5965         0.37947         0.65726          3.9226               0         0.36084         0.22556         0.56744         0.12194         0.75124         0.11443            -3.5               
         B        656        ILE          2.2843          1.1431          1.3709         0.88115          3.5869               0         0.12084         0.12594        0.022329        0.023009         0.37104               0             4.5               
         B        657        VAL          1.1494          1.1145         0.50812         0.71859          2.8888               0         0.39662        0.068796         0.45256        0.053953         0.52115         0.31068             4.2               
         B        658        ILE          1.4363         0.93675          1.3977         0.90631          2.5369               0          0.1236        0.065746        0.069109        0.043051         0.22587       0.0019112             4.5               
         B        659        GLY         0.67229         0.67667               0               0          1.4533               0          0.3078        0.082102               0               0         0.39864         0.18408            -0.4               
         B        660        ILE         0.15398         0.40739               0               0          1.2318               0         0.73981         0.16956         0.81129         0.11564          1.0038         0.41767             4.5               
         B        661        GLY               0               0               0               0               0               0          1.5334         0.19344               0               0          1.7786          1.2652            -0.4               
         B        662        ASP               0               0               0               0               0               0          3.6988          1.7174          5.2523           1.018          6.7184          1.9352            -3.5               
         B        663        LYS               0               0               0               0               0               0          1.7915          0.8369          2.3197         0.72376           3.253         0.69429            -3.9               
         B        664        ALA         0.24591         0.49182               0               0          1.2296               0         0.67934         0.10823         0.62811               0         0.84423         0.55521             1.8               
         B        665        LEU          1.1269         0.94713          0.9954          1.0512          2.4688               0         0.41946        0.076694          0.4078        0.080169         0.53233         0.31068             3.8               
         B        666        LYS         0.16166         0.45725               0               0           1.455               0         0.84907         0.17521         0.89631         0.15745          1.1937         0.64093            -3.9               
         B        667        ILE          0.9931         0.81536         0.75681         0.75681          2.2533               0         0.44654          0.1326         0.36816         0.11632         0.61548         0.18408             4.5               
         B        668        ASN         0.18383         0.48638               0               0          1.4707               0         0.96294         0.20381          1.1361         0.14625          1.3682         0.73665            -3.5               
         B        669        TRP         0.48631         0.65514         0.42628          0.6524          1.5253               0         0.36167         0.14435         0.30744         0.13597         0.55521         0.17077            -0.9               
         B        670        TYR         0.22313         0.50082               0               0          1.4455               0          1.0883         0.50261           1.357          0.4015          2.2061         0.49926            -1.3               
         B        671        ARG         0.63899         0.70374         0.61826         0.71603          1.5299               0         0.58096         0.13397         0.54748         0.13146         0.82805         0.39864            -4.5               
         B        672        LYS         0.13636         0.38567               0               0          1.2272               0          1.2501         0.45909          1.5549         0.39758          2.2562         0.69429            -3.9               
         B        673        GLY               0               0               0               0               0               0          1.6397         0.21213               0               0          1.8548          1.2901            -0.4               
         B        674        SER               0               0               0               0               0               0            3.79          1.0836          5.2557         0.46684          5.7225          2.7214            -0.8               
         B        675        SER               0               0               0               0               0               0          3.2917         0.62068          2.4772         0.11591          3.9618          2.3613            -0.8               
         B        676        ILE               0               0               0               0               0               0          5.1546          1.3339          6.1784          1.1711          8.0608          3.8465             4.5               
         B        677        GLY         0.30857         0.53446               0               0          1.2343               0          3.0671          0.6259               0               0          3.7363          2.3079            -0.4               
         B        678        LYS               0               0               0               0               0               0          3.6184          2.1035          5.0027          2.2079          8.4726          1.8548            -3.9               
