pdb_id: 4E9O
analysis type: bound
radii_file: C:\Users\choi\Desktop\PSAIA_output\amac_data\chothia.radii
ASA_zSice: 0.25
ASA_rSolvent: 1.4
CX_sRadius: 10
CX_vAtom: 20.1
radii_file: C:\Users\choi\Desktop\PSAIA_output\amac_data\hydrophobicity.hpb

  chain id|    res id|  res name|    average DPX|      s_avg DPX|   s-ch avg DPX| s-ch s_avg DPX|        max DPX|        min DPX|     average CX|       s_avg CX|    s-ch avg CX|  s-ch s_avg CX|         max CX|         min CX| Hydrophobicity|               
         X          2        PRO               0               0               0               0               0               0          2.2094         0.58368          2.6561               0          2.7214          1.3415             1.6               
         X          3        GLN         0.13759         0.38916               0               0          1.2383               0         0.99336         0.26082         0.98219          0.1529          1.5728         0.66718            -3.5               
         X          4        GLN          1.1301         0.86407          1.0291         0.89508          2.2711               0         0.25461        0.085755         0.25174        0.068267         0.39864          0.1326            -3.5               
         X          5        LEU         0.83224          1.1283               0               0           2.776               0         0.36296         0.25147         0.57955         0.17114         0.82805        0.085404             3.8               
         X          6        SER          4.2402         0.74608          5.0933         0.15746          5.2508          3.2295        0.039304        0.053885               0               0         0.13878               0            -0.8               
         X          7        PRO          4.1697         0.61693          4.2928         0.68352          5.2521          3.4472        0.025311        0.027834        0.019755        0.023327         0.07978               0             1.6               
         X          8        ILE          1.6708         0.77825          1.4175         0.91779          2.5682               0        0.024898        0.027039        0.027673        0.029241        0.068705               0             4.5               
         X          9        ASN         0.78506         0.83567         0.89883         0.95618          2.2589               0         0.26042         0.16011         0.40329         0.10143          0.5669          0.1085            -3.5               
         X         10        ILE           1.929          1.0556          2.5991         0.82386          3.8458               0         0.10867         0.12672        0.010975        0.017922         0.35323               0             4.5               
         X         11        GLU           0.279         0.55417       0.0031831        0.010066          1.4587               0         0.94032         0.37284          1.0567         0.36435          1.8548         0.40809            -3.5               
         X         12        THR         0.54163         0.87833               0               0          2.2606               0          0.7654         0.16067         0.77692           0.236           1.084         0.51013            -0.7               
         X         13        LYS         0.14847         0.41994               0               0          1.3362               0          1.7348          0.4181          1.9298         0.41028          2.3613           1.084            -3.9               
         X         14        LYS         0.14834         0.41957               0               0          1.3351               0          1.0137         0.22762          1.0964         0.23183          1.4517         0.73665            -3.9               
         X         15        ALA         0.57042         0.70115               0               0          1.5203               0         0.53138         0.13737         0.32737               0         0.73665         0.32737             1.8               
         X         16        ILE         0.31903         0.55319               0               0          1.3283               0          1.0389         0.32511          1.3226         0.17425          1.5414         0.61548             4.5               
         X         17        SER         0.24201         0.54114               0               0           1.452               0          1.4562         0.23479          1.7065               0          1.7065          1.0633            -0.8               
         X         18        ASN               0               0               0               0               0               0          1.3053         0.18919           1.084               0           1.605           1.084            -3.5               
         X         19        ALA               0               0               0               0               0               0          2.2515         0.67198          3.5304               0          3.5304          1.7421             1.8               
         X         20        ARG         0.24561         0.49122               0               0          1.2281               0             1.2          0.2092          1.2901               0          1.4809         0.94764            -4.5               
         X         21        LEU         0.66229         0.88109         0.37772         0.65423          2.2574               0         0.54317         0.15475         0.42735         0.08217         0.84423         0.30248             3.8               
         X         22        LYS         0.54714          0.8135               0               0          2.2565               0          1.5107         0.97428          2.1371         0.89445          3.5304         0.45733            -3.9               
         X         23        PRO         0.17751          0.4348               0               0          1.2426               0         0.84943         0.23727          1.1002        0.068168          1.1484         0.52115             1.6               
         X         24        LEU          1.1524         0.99161          1.6324          1.0236          2.5115               0         0.25737         0.22521        0.044595         0.05881         0.57877               0             3.8               
         X         25        ASP         0.61829         0.80472         0.58057         0.84651          2.2454               0          0.8826         0.33747           1.037         0.28835          1.3415         0.37104            -3.5               
         X         26        ILE         0.33676         0.58612               0               0          1.4621               0         0.32886         0.18301         0.16495        0.052819         0.64093         0.10263             4.5               
         X         27        HIS         0.14571         0.43713               0               0          1.4571               0         0.73461         0.38125         0.97925         0.30267          1.4517         0.31897            -3.2               
         X         28        TYR           1.493         0.99367          1.9037         0.86412          2.7784               0         0.14951         0.15464          0.0481        0.064539         0.39864               0            -1.3               
         X         29        ASN               0               0               0               0               0               0          1.1175          0.3452          1.3559         0.32485          1.8944         0.69429            -3.5               
         X         30        GLU               0               0               0               0               0               0          1.5519         0.83357          2.1751         0.61049          3.0076         0.65395            -3.5               
         X         31        SER          1.3655         0.85753         0.98877         0.87225           2.406               0         0.27735         0.11226         0.20917           0.108         0.41767         0.10263            -0.8               
         X         32        LYS         0.59456         0.87591               0               0           2.384               0           0.455         0.16419         0.59115        0.066729         0.69429         0.19769            -3.9               
         X         33        PRO          1.8359         0.86403          1.3052         0.99427          2.5992               0         0.15381        0.090096        0.072346        0.044473         0.30248        0.026589             1.6               
         X         34        THR         0.20786         0.50916               0               0           1.455               0          0.5737         0.19772         0.73929         0.17381         0.96601         0.27851            -0.7               
         X         35        THR          1.6257           1.222         0.47881         0.67714          3.2665               0         0.43469         0.22688         0.66625         0.11703         0.82805         0.15137            -0.7               
         X         36        ILE          4.4336         0.80788          5.0382         0.59818          5.6442           3.375        0.061325        0.068728       0.0029096       0.0050396         0.19084               0             4.5               
         X         37        GLN          1.2352          1.2002         0.30056         0.60113          3.1492               0          0.3051         0.25712         0.51153         0.14724         0.73665               0            -3.5               
         X         38        ASN          2.5017          1.1939          3.3664         0.31196          3.8269               0        0.090411          0.1088        0.017119        0.017215         0.31068               0            -3.5               
         X         39        THR         0.38547         0.61279               0               0           1.468               0         0.37821         0.11165         0.35116        0.034273         0.61548         0.22587            -0.7               
         X         40        GLY          1.4713         0.95692               0               0          2.3902               0          0.2969        0.025369               0               0         0.33588         0.27072            -0.4               
         X         41        LYS         0.63451         0.86886         0.60093         0.90229           2.397               0         0.45686         0.30885         0.49565         0.34038           1.217         0.12647            -3.9               
         X         42        LEU          0.8426         0.90057         0.38427         0.66557          2.4353               0         0.10715        0.066053         0.16291        0.018645         0.19084               0             3.8               
         X         43        VAL           3.281          1.0598          4.1783         0.54269          4.9279           1.331       0.0016626       0.0040726               0               0        0.011638               0             4.2               
         X         44        ARG          1.9435          1.7397         0.76357         0.94398          4.4267               0         0.34843         0.29433         0.51372         0.24538         0.86069       0.0067513            -4.5               
         X         45        ILE           5.083          1.0004          5.8556         0.74637          6.6806           3.608        0.026136        0.044172      0.00047779      0.00082756         0.10263               0             4.5               
         X         46        ASN          1.1925          1.2573               0               0          3.0915               0         0.30657         0.12032         0.42299         0.02616         0.45733          0.1326            -3.5               
         X         47        PHE          1.5268          1.0386          1.8339         0.90076          2.7745               0         0.13273         0.16697        0.020328        0.033567         0.44721               0             2.8               
         X         48        LYS         0.28323          0.5304               0               0          1.3244               0          1.1142         0.53109          1.5222         0.36291          1.9352         0.53233            -3.9               
         X         49        GLY         0.89677         0.95275               0               0          2.2486               0         0.41492         0.14842               0               0         0.57877         0.19769            -0.4               
         X         50        GLY               0               0               0               0               0               0          0.2129         0.10205               0               0         0.37104        0.091087            -0.4               
         X         51        TYR         0.94744           1.077         0.34912         0.60471          3.2502               0         0.42598         0.30473         0.56871         0.27942           1.105         0.12042            -1.3               
         X         52        ILE          4.0063         0.70054          4.5721         0.31048           4.845          3.0309        0.055236        0.055071       0.0016878       0.0029234         0.13878               0             4.5               
         X         53        SER          1.2587         0.96877               0               0          2.4423               0         0.37861         0.16612         0.59678        0.097513         0.69429         0.23312            -0.8               
         X         54        GLY         0.30741         0.53245               0               0          1.2296               0         0.43317        0.035548               0               0           0.478         0.38012            -0.4               
         X         55        GLY         0.67041         0.67547               0               0          1.4576               0         0.60933         0.10325               0               0         0.78118         0.51013            -0.4               
         X         56        PHE         0.60773         0.84456         0.74547         0.91554          2.4131               0         0.39768         0.24307         0.24518         0.12415         0.89452        0.091087             2.8               
         X         57        LEU          1.1708         0.99454          1.6297          1.0227          2.5098               0         0.39962         0.27601         0.15207         0.09355         0.82805        0.068705             3.8               
         X         58        PRO         0.19306         0.47291               0               0          1.3515               0          1.0244         0.27988          0.8001          0.2162          1.4809         0.62811             1.6               
         X         59        ASN          1.0603         0.89665         0.88824         0.94733          2.2651               0         0.66654          0.2409         0.75562         0.21988         0.98474         0.27851            -3.5               
         X         60        GLU         0.30031         0.56411               0               0           1.459               0          0.5497         0.28885         0.74251         0.24905          1.0633         0.24046            -3.5               
         X         61        TYR          1.4431         0.95203           1.493         0.99274           2.784               0        0.046941        0.048582        0.047067        0.055929         0.16423               0            -1.3               
         X         62        VAL          1.3836          1.2722               0               0          3.1533               0         0.12995         0.11824         0.24169         0.08861         0.36208               0             4.2               
         X         63        LEU           2.822          1.5074          4.0124         0.68473          4.7166               0        0.021465        0.035142       0.0041433       0.0071764         0.10263               0             3.8               
         X         64        SER         0.35845         0.54783        0.085054         0.17011          1.4626               0          0.1201        0.058423         0.15087        0.049855         0.24789       0.0067513            -0.8               
         X         65        SER           1.314          1.1298         0.76393          1.2281          3.1677               0         0.16261        0.075765         0.20677        0.074888         0.29439        0.068705            -0.8               
         X         66        LEU          4.1646         0.55712           4.169         0.51615          5.0267          3.1381        0.024046        0.036102               0               0        0.085404               0             3.8               
         X         67        HIS          2.1959          1.7971         0.87734          0.9548          4.9035               0        0.060854         0.04143        0.075674        0.039814         0.13878               0            -3.2               
         X         68        ILE          5.3635         0.50011          5.6478         0.29277          5.9797          4.3553       0.0052083        0.005419       0.0029096       0.0050396        0.011638               0             4.5               
         X         69        TYR          2.9704          2.0173          1.7691           1.252          6.3803               0       0.0052827        0.011995        0.007924         0.01396        0.036804               0            -1.3               
         X         70        TRP          3.1936          1.4785          2.7075          1.4316          5.3023               0               0               0               0               0               0               0            -0.9               
         X         71        GLY          2.4265         0.83617               0               0          3.6816          1.3338          0.1164        0.077503               0               0         0.21161               0            -0.4               
         X         72        LYS         0.13775         0.38962               0               0          1.2398               0          1.1576         0.80448          1.6579         0.76304          3.0076         0.30248            -3.9               
         X         73        GLU         0.30005         0.56374               0               0          1.4605               0          1.0154         0.51973           1.423           0.299          1.7421         0.25541            -3.5               
         X         74        ASP         0.18211         0.48182               0               0          1.4569               0         0.37311         0.10827         0.40125        0.059938         0.54369         0.17077            -3.5               
         X         75        ASP         0.15392         0.40725               0               0          1.2314               0         0.80665         0.42827          1.1735         0.31232          1.6718         0.41767            -3.5               
         X         76        TYR         0.41951         0.75677               0               0          2.2495               0          0.4755         0.20609         0.60037         0.11744         0.86069          0.1085            -1.3               
         X         77        GLY          3.2474         0.78773               0               0          4.0599          2.2422               0               0               0               0               0               0            -0.4               
         X         78        SER          3.9832         0.49991          4.0102          0.1655          4.7127          3.0389               0               0               0               0               0               0            -0.8               
         X         79        ASN           4.385         0.57039          4.2824         0.55487          5.0785           3.544               0               0               0               0               0               0            -3.5               
         X         80        HIS          4.6773         0.68592          4.9263         0.69931           5.851          3.6893               0               0               0               0               0               0            -3.2               
         X         81        LEU          2.1961          1.4153          1.0027          1.0614          3.6504               0         0.10328        0.072495         0.15467        0.062889         0.25541               0             3.8               
         X         82        ILE          1.1629         0.99407          1.0188          1.0775          2.5337               0         0.25469         0.16773         0.14749         0.10864         0.57877        0.036804             4.5               
         X         83        ASP         0.33991         0.59093         0.31446         0.54467          1.4614               0         0.93294           0.178          1.0014        0.068421          1.1265         0.52115            -3.5               
         X         84        VAL         0.41044         0.65146               0               0          1.5431               0         0.96182         0.20756          1.1864        0.028464           1.217         0.70818             4.2               
         X         85        TYR          0.4105         0.74375               0               0          2.2593               0         0.56505         0.16261         0.61199          0.1528         0.81215         0.26302            -1.3               
         X         86        LYS          0.8123         0.68678          0.7309         0.69648          1.6115               0          0.1608        0.086255         0.13244        0.066116         0.38932        0.052513            -3.9               
         X         87        TYR         0.98264         0.90361          1.1401          0.9616          2.4259               0        0.046152         0.05543        0.059549        0.062595         0.16423               0            -1.3               
         X         88        SER          1.4966          1.2895          0.7036          0.7036          3.6143               0        0.011582        0.021126        0.028928        0.028928        0.057855               0            -0.8               
         X         89        GLY          4.0157         0.76219               0               0          4.7761          2.7496               0               0               0               0               0               0            -0.4               
         X         90        GLU           5.375         0.61559          5.1987         0.60505          6.1958           4.252               0               0               0               0               0               0            -3.5               
         X         91        ILE          2.4949          1.1478           1.784          1.1661          3.8057               0       0.0010828        0.002232       0.0021656       0.0027601       0.0067513               0             4.5               
         X         92        ASN          2.6514          1.3767          1.4796         0.95128            4.16               0       0.0037654       0.0061274       0.0041433       0.0071764        0.016573               0            -3.5               
         X         93        LEU          2.7648          1.3486          1.6349          1.0233          4.1786               0               0               0               0               0               0               0             3.8               
         X         94        VAL          1.8974          1.3139         0.50799          0.7184          3.3919               0       0.0057201       0.0085688       0.0071855        0.010162        0.021556               0             4.2               
         X         95        HIS           4.819         0.73542          5.2653         0.50456          6.0932          3.3472       0.0016573        0.004972               0               0        0.016573               0            -3.2               
         X         96        TRP          2.1531          1.4998          1.4803          1.1687          4.5637               0         0.15229         0.15985         0.21205         0.15253         0.49926               0            -0.9               
         X         97        ASN          1.8836         0.89389          1.4941         0.95685          3.0581               0         0.14996         0.10705         0.22347        0.087288         0.30248               0            -3.5               
         X         98        LYS         0.16315         0.46146               0               0          1.4684               0          0.7743         0.48938          1.0262         0.50468          1.7786         0.17739            -3.9               
         X         99        LYS               0               0               0               0               0               0          1.3666         0.69887          1.7607         0.68791          2.6561         0.60306            -3.9               
         X        100        LYS         0.14845         0.41989               0               0          1.3361               0         0.88897         0.29255          1.0029         0.29777          1.4517         0.51013            -3.9               
         X        101        TYR         0.87207         0.93338          1.1417         0.96051          2.4054               0         0.53964         0.18729         0.48399         0.17984         0.84423         0.27072            -1.3               
         X        102        SER               0               0               0               0               0               0          1.2478         0.24122          1.5141        0.090871           1.605         0.84423            -0.8               
         X        103        SER         0.54546         0.81228         0.45193         0.90385          2.2596               0          0.8551         0.26723          0.9753         0.29502          1.1708         0.38932            -0.8               
         X        104        TYR         0.59263          1.0921               0               0          3.2619               0         0.33057         0.12194         0.29618         0.12894           0.478         0.12647            -1.3               
         X        105        GLU         0.58343         0.88154               0               0          2.4901               0          1.1669         0.40177          1.4899         0.23364          1.8944         0.72229            -3.5               
         X        106        GLU         0.43961          0.8481               0               0          2.4175               0         0.84236         0.37251          1.0813         0.32184          1.5414         0.39864            -3.5               
         X        107        ALA           3.426         0.83097          4.8363               0          4.8363          2.4378         0.16716        0.091051        0.047224               0         0.32737        0.047224             1.8               
         X        108        LYS         0.61289         0.90723         0.29978         0.59956          2.4948               0          0.4766         0.25828         0.62613         0.25762          1.0633          0.2187            -3.9               
         X        109        LYS         0.14833         0.41955               0               0           1.335               0          1.1351         0.45711           1.421         0.38253          1.8548         0.42738            -3.9               
         X        110        HIS         0.27501         0.55002         0.45835         0.64821          1.3781               0         0.79549         0.31516          0.9666         0.27553          1.3682         0.27851            -3.2               
         X        111        ASP               0               0               0               0               0               0         0.92259         0.40386          1.2448         0.32822          1.6718         0.48855            -3.5               
         X        112        ASP         0.32251         0.55913               0               0          1.3387               0         0.50379         0.25057         0.69182         0.15868         0.92961         0.12647            -3.5               
         X        113        GLY          1.8357         0.50807               0               0          2.4397          1.3245        0.048976        0.067788               0               0         0.16423               0            -0.4               
         X        114        LEU          1.9219          1.3776          3.1706         0.46581          3.6576               0       0.0002389      0.00063206               0               0       0.0019112               0             3.8               
         X        115        ILE          2.1607          1.5263          1.0239          1.0874          4.5452               0       0.0068992        0.012014        0.013798         0.01391        0.036804               0             4.5               
         X        116        ILE          1.9883          1.3868         0.76805         0.76811          3.7779               0               0               0               0               0               0               0             4.5               
         X        117        ILE          4.3457         0.55501          4.7141         0.42264          5.3595          3.3712       0.0010828        0.002232               0               0       0.0067513               0             4.5               
         X        118        SER           5.419          0.4459          5.4419         0.51262          5.8705          4.4999               0               0               0               0               0               0            -0.8               
         X        119        ILE          3.1871          1.6463          1.8184          1.2044          5.0624               0       0.0026946       0.0071291       0.0053891       0.0093342        0.021556               0             4.5               
         X        120        PHE          4.5181         0.75222          4.1602         0.46295          6.0439           3.479      0.00061376       0.0019409               0               0       0.0067513               0             2.8               
         X        121        LEU          4.6524         0.92112          5.0076         0.73549          5.7178          2.8487               0               0               0               0               0               0             3.8               
         X        122        GLN          1.8034          1.5337          1.1742           1.275          4.3704               0         0.33785         0.21789         0.42793         0.18475         0.78118        0.052513            -3.5               
         X        123        VAL         0.97157         0.91259         0.51147         0.72333          2.4779               0          0.2268         0.12959         0.17922         0.11323         0.45733        0.052513             4.2               
         X        124        LEU         0.37218         0.64478         0.37895         0.65635          1.5158               0          1.0115         0.35728          1.2711         0.26796          1.4809         0.41767             3.8               
         X        125        ASP               0               0               0               0               0               0          1.3057         0.52702          1.7215         0.42082          2.4164         0.66718            -3.5               
         X        126        HIS         0.48872         0.78182               0               0          2.2286               0         0.74058         0.25532         0.86019         0.22405          1.1708          0.2864            -3.2               
         X        127        LYS         0.28867         0.55056        0.016847        0.053275          1.4596               0         0.78434         0.31736         0.88766         0.31108          1.5108           0.478            -3.9               
         X        128        ASN         0.97208         0.80559         0.68256         0.68954          2.2529               0         0.26009        0.059626         0.21603         0.03272         0.36208         0.17077            -3.5               
         X        129        VAL               0               0               0               0               0               0         0.73771         0.32522          1.1056        0.034739          1.1484         0.36208             4.2               
         X        130        TYR         0.55578         0.82509         0.17521         0.46356          2.4108               0          0.7012         0.59527         0.94836         0.58722          2.3079        0.096829            -1.3               
         X        131        PHE          4.2878          1.1531          5.0032         0.73691           6.293          2.4331        0.028437        0.041368       0.0059982        0.014693         0.13878               0             2.8               
         X        132        GLN         0.71821         0.87317          0.2444         0.48879          2.4808               0         0.26834        0.082604         0.32402        0.065784         0.38932         0.13878            -3.5               
         X        133        LYS         0.33296         0.56375         0.33604          0.5761          1.5243               0          0.2886         0.17423         0.32998         0.18618         0.64093         0.10263            -3.9               
         X        134        ILE          3.6664         0.89422          4.4333         0.49536          5.2101          2.2661        0.014579        0.022164               0               0        0.063253               0             4.5               
         X        135        VAL          1.5934          1.2146           1.335          1.0236          3.5066               0         0.11344        0.041746         0.09211        0.033198         0.18408        0.047224             4.2               
         X        136        ASN         0.38897         0.57891         0.25135         0.46608          1.4951               0         0.45697         0.18948         0.52455         0.16889         0.81215         0.19769            -3.5               
         X        137        GLN         0.64238         0.72235         0.61286          0.7506          1.5377               0         0.10754        0.057147         0.10386        0.072455         0.21161        0.016573            -3.5               
         X        138        LEU          1.1796          1.0053          1.6486          1.0352          2.5683               0        0.063572        0.070577       0.0016878       0.0029234         0.19084               0             3.8               
         X        139        ASP         0.34625         0.61469        0.011993        0.033922          1.5306               0         0.91803         0.34869          1.0817         0.28776          1.7786         0.36208            -3.5               
         X        140        SER       0.0014073       0.0026703        0.001456        0.002912       0.0072801               0         0.50595         0.10445         0.50103         0.13108         0.62811         0.26302            -0.8               
         X        141        ILE          2.8033          1.0979          3.7769         0.50603          4.6521           1.323         0.13815         0.11109        0.064292        0.072968         0.31068               0             4.5               
         X        142        ARG         0.45854         0.77805               0               0          2.2497               0          0.6216         0.34046         0.81697         0.27136          1.3954         0.15137            -4.5               
         X        143        SER         0.59795         0.88653               0               0          2.2549               0          0.5636         0.28218         0.94025         0.14372           1.084         0.30248            -0.8               
         X        144        ALA         0.53268          0.6563               0               0          1.4447               0         0.54659         0.14082         0.42738               0         0.79653         0.40809             1.8               
         X        145        ASN         0.18139         0.47992               0               0          1.4511               0          1.2716           0.481          1.6027         0.41414          2.2562         0.57877            -3.5               
         X        146        THR         0.39326         0.62239         0.47568         0.67271           1.427               0         0.58334         0.14167         0.59136         0.17818         0.79653         0.36208            -0.7               
         X        147        SER         0.24243         0.54209               0               0          1.4546               0         0.75257         0.10463         0.78885       0.0076775         0.92961         0.59082            -0.8               
         X        148        ALA          1.0382         0.91403               0               0          2.3452               0          0.5043         0.06622         0.48855               0         0.61548         0.40809             1.8               
         X        149        PRO         0.38566          0.6127               0               0          1.4617               0         0.87357         0.35733          1.2477         0.18787          1.5108           0.478             1.6               
         X        150        PHE          2.4258          1.6901          3.6029         0.66974          4.4492               0         0.15365         0.15748        0.047278        0.059641         0.40809               0             2.8               
         X        151        ASP         0.41005         0.55914         0.27959         0.49092            1.34               0          1.0201         0.36776          1.1603         0.30646          1.6718         0.43722            -3.5               
         X        152        SER         0.19449         0.45066        0.042346        0.084691          1.4548               0         0.57301        0.058207         0.54545        0.052249         0.65395           0.478            -0.8               
         X        153        VAL               0               0               0               0               0               0          1.0474         0.38273          1.4289         0.19628          1.7065         0.52115             4.2               
         X        154        PHE         0.94035         0.92956          1.3015         0.91443          2.4015               0         0.13904         0.13208        0.051883        0.049468         0.43722               0             2.8               
         X        155        TYR         0.10208         0.33856               0               0          1.2249               0         0.93779         0.72321          1.2591          0.6887          2.8592         0.24789            -1.3               
         X        156        LEU         0.71668         0.72175         0.76287         0.76288          1.5317               0         0.11032         0.10574       0.0066472        0.011513         0.24046               0             3.8               
         X        157        ASP         0.47278         0.83864               0               0           2.253               0         0.60904         0.16746          0.7227         0.14107         0.94764         0.37104            -3.5               
         X        158        ASN         0.16645         0.44038               0               0          1.3316               0         0.73832         0.22288         0.91665         0.18088          1.1484         0.52115            -3.5               
         X        159        LEU         0.84554         0.89322         0.37835         0.65531          2.3853               0         0.14906         0.10925        0.067105        0.041694         0.37104               0             3.8               
         X        160        LEU         0.84017         0.90123         0.37378         0.64741          2.4552               0         0.37802        0.094342         0.37642         0.12358           0.478         0.17077             3.8               
         X        161        PRO          1.1113          1.0226            2.11         0.41191          2.4241               0         0.43936         0.21717         0.24996        0.076411         0.79653         0.17077             1.6               
         X        162        SER               0               0               0               0               0               0          1.4601         0.34101          1.6396        0.066826          1.9352         0.87746            -0.8               
         X        163        LYS         0.55081         0.82043               0               0          2.2832               0          1.5618         0.59328          1.9902         0.40253          2.5322         0.68063            -3.9               
         X        164        LEU         0.19078         0.50475         0.38155         0.66087          1.5262               0         0.49261         0.14778         0.50842          0.1133         0.75124         0.27072             3.8               
         X        165        ASP         0.49556         0.88631               0               0          2.4241               0         0.57028         0.22664          0.7741        0.088046          0.9119          0.2187            -3.5               
         X        166        TYR          1.7541          1.1989          1.1384         0.97421          3.3803               0         0.12017        0.060967         0.10084        0.053238         0.25541        0.031671            -1.3               
         X        167        PHE           2.271          1.6865          1.2864           1.339          4.2205               0        0.089663         0.09632         0.12722         0.10087         0.27851               0             2.8               
         X        168        THR          1.7296          1.1847         0.47909         0.67754          3.0072               0         0.08824         0.03636        0.085946        0.024116         0.14504        0.031671            -0.7               
         X        169        TYR           2.591          1.6325           3.548          1.0088          4.6024               0        0.052566        0.048919        0.025146        0.033529          0.1326               0            -1.3               
         X        170        LEU         0.33522         0.58327               0               0          1.4519               0         0.29194         0.15609           0.422         0.11778         0.61548         0.11443             3.8               
         X        171        GLY          1.4801         0.96361               0               0          2.4144               0        0.090762        0.035276               0               0         0.15137        0.063253            -0.4               
         X        172        THR           3.428          0.6162          3.8005         0.34889           4.274          2.2804         0.11684        0.095217         0.21619        0.051937         0.27851               0            -0.7               
         X        173        THR          1.2879         0.90407         0.47723         0.67491          2.4704               0         0.20309         0.11815         0.28808         0.12891         0.46759        0.096829            -0.7               
         X        174        ILE         0.82293         0.86178         0.38206         0.66174          2.2615               0         0.12495         0.12007        0.029146        0.032869         0.37104               0             4.5               
         X        175        ASN         0.15324         0.40543               0               0          1.2259               0         0.89036         0.25731         0.95548        0.079902          1.3415         0.38012            -3.5               
         X        176        HIS          1.0867         0.93991          1.1808         0.90001          2.2555               0         0.68608         0.17862         0.60941          0.1815         0.92961         0.38012            -3.2               
         X        177        SER         0.22111         0.49443               0               0          1.3267               0           1.018         0.15438          1.1137         0.20181          1.3155         0.89452            -0.8               
         X        178        ALA          1.2963         0.73269          1.5453               0          2.2651               0         0.34764         0.13001         0.33588               0         0.57877         0.20461             1.8               
         X        179        ASP         0.18246         0.48274               0               0          1.4597               0         0.33643         0.19987          0.5066         0.12587         0.70818        0.063253            -3.5               
         X        180        ALA           1.348         0.76511          1.5189               0          2.3737               0        0.063618        0.044334               0               0          0.1085               0             1.8               
         X        181        VAL          1.8135          1.2713         0.49693         0.70277          3.4887               0         0.11769         0.08244          0.1775        0.074143         0.27851        0.021556             4.2               
         X        182        TRP          2.9764          1.3408          2.7665          1.4896           4.861               0       0.0075345        0.014989               0               0        0.047224               0            -0.9               
         X        183        ILE          4.9145         0.74066          4.5216         0.45507          6.4775          3.9314               0               0               0               0               0               0             4.5               
         X        184        ILE          5.9389         0.69065          6.4472         0.30621          6.7389          4.7009               0               0               0               0               0               0             4.5               
         X        185        PHE          4.2009         0.75791          4.3089         0.57597          5.3994          3.0759        0.049469        0.037842        0.060436        0.037331         0.10263               0             2.8               
         X        186        PRO         0.75743         0.90958         0.48927         0.69193          2.3058               0         0.19187        0.049225         0.23896        0.034022         0.26302          0.1326             1.6               
         X        187        THR         0.95079         0.88103         0.47429         0.67075          2.3728               0         0.43671         0.19401           0.643         0.10343         0.78118         0.24046            -0.7               
         X        188        PRO         0.93458         0.87307         0.49212         0.69597          2.3642               0          0.2702         0.07884         0.29544        0.068792         0.37104         0.13878             1.6               
         X        189        ILE         0.82226         0.86256         0.38333         0.66396          2.2683               0        0.093987        0.028909        0.096606        0.036811         0.15137        0.057855             4.5               
         X        190        ASN         0.49099         0.63704         0.30604         0.53009          1.4551               0         0.42895          0.2455          0.6544         0.13462         0.87746         0.17739            -3.5               
         X        191        ILE            3.59         0.73203          4.0133         0.50751           4.618          2.2788        0.064849        0.071973               0               0         0.19769               0             4.5               
         X        192        HIS          1.4835          1.1696         0.87889         0.97384          3.5616               0         0.56933         0.39194         0.83967         0.26903           1.217         0.11443            -3.2               
         X        193        SER         0.32405         0.60623               0               0          1.4609               0         0.57641         0.19864         0.70297         0.18542         0.89452         0.37104            -0.8               
         X        194        ASP         0.16641         0.44028               0               0          1.3313               0         0.83606         0.38767          1.1788         0.22494          1.4232         0.37104            -3.5               
         X        195        GLN          1.4557         0.88027          1.5691         0.87984          2.4307               0        0.089721        0.071858        0.062906        0.027855         0.27072        0.021556            -3.5               
         X        196        LEU          2.3196          1.0647          1.6094          1.0075          3.8031               0        0.038899        0.043214        0.015294        0.021629         0.13878               0             3.8               
         X        197        SER         0.65644         0.96515               0               0          2.4265               0         0.49463         0.22534         0.78954         0.12236          0.9119         0.24789            -0.8               
         X        198        LYS         0.75636         0.88865         0.30624         0.61248          2.3974               0         0.31523         0.14888         0.38556         0.14812         0.57877         0.13878            -3.9               
         X        199        PHE           4.284          1.0439          4.9148         0.69494          6.0806          2.4563       0.0099999         0.02292       0.0030795       0.0075432         0.07978               0             2.8               
         X        200        ARG         0.62329          0.8693         0.40526         0.64259          2.4935               0         0.28256        0.084212         0.28352        0.060538         0.44721         0.12647            -4.5               
         X        201        THR         0.50253         0.59504         0.40908         0.55938          1.4236               0         0.40882         0.11626         0.45542         0.11749         0.61548         0.24046            -0.7               
         X        202        LEU          2.2415         0.99792          1.6258          1.0259           3.397               0        0.029128        0.042131               0               0         0.12042               0             3.8               
         X        203        LEU          1.2068          1.2791               0               0          3.2099               0         0.35865         0.24496           0.576         0.15046         0.75124        0.068705             3.8               
         X        204        SER          1.1019         0.86779         0.70762         0.70762          2.4394               0         0.43346         0.14234         0.52825         0.13893         0.66718         0.21161            -0.8               
         X        205        LEU         0.18869         0.49924         0.37739         0.65365          1.5095               0         0.98796         0.21331          1.0736         0.14557           1.217         0.61548             3.8               
         X        206        SER         0.29326         0.58653               0               0          1.4663               0          2.4365         0.46979          2.7214               0          2.8592          1.5728            -0.8               
         X        210        GLY               0               0               0               0               0               0          4.0328         0.44245               0               0          4.4841          3.3416            -0.4               
         X        211        LYS         0.24706         0.49412               0               0          1.2353               0          3.0977         0.64354          3.6311               0          3.8465          2.3079            -3.9               
         X        212        PRO         0.60434         0.70375               0               0          1.5345               0          1.4752         0.28351          1.4786         0.37766          1.9771          1.0633             1.6               
         X        213        HIS          0.5034         0.80028               0               0           2.245               0         0.97157         0.29199          1.0868         0.25945          1.3954         0.44721            -3.2               
         X        214        TYR         0.22481         0.50466               0               0          1.4576               0          1.0479         0.57874          1.3021         0.54842          2.4733         0.38012            -1.3               
         X        215        ILE         0.81778         0.85531         0.38213         0.66188          2.2363               0        0.087132        0.067531        0.027693        0.018708         0.18408               0             4.5               
         X        216        THR         0.72249          0.8771               0               0          2.2671               0         0.44693         0.20123          0.6673        0.086603         0.76608         0.23312            -0.7               
         X        217        GLU         0.47275         0.67279         0.30876         0.61752          1.5438               0         0.48146         0.28939          0.6897         0.22913          1.0633         0.19769            -3.5               
         X        218        ASN         0.97159          1.0247          1.5778         0.98206          2.4256               0        0.093996        0.070649        0.029849        0.036205         0.19084               0            -3.5               
         X        219        TYR         0.66394         0.83861         0.65678          0.9063          2.4905               0         0.20944         0.16748         0.24553         0.18802         0.62811        0.036804            -1.3               
         X        220        ARG         0.71705         0.81999         0.40641         0.64444          2.2607               0         0.43134         0.25255         0.57928         0.19731          0.9119         0.11443            -4.5               
         X        221        ASN         0.18399          0.4868               0               0          1.4719               0         0.80675         0.43617          1.1657         0.34915          1.7421         0.41767            -3.5               
         X        222        PRO         0.40929         0.64906               0               0          1.5257               0         0.41182         0.15399         0.32417        0.055863         0.76608         0.24789             1.6               
         X        223        TYR         0.34163         0.59184          0.3458         0.59894          1.3869               0         0.65454         0.22492         0.71336         0.24459           1.105         0.38012            -1.3               
         X        224        LYS         0.13662         0.38643               0               0          1.2296               0          1.6171         0.92011          2.2811         0.71612           3.168         0.59082            -3.9               
         X        225        LEU         0.68068         0.92329         0.99826          1.0525           2.468               0         0.50098         0.25888         0.29901        0.075732          1.0431         0.17739             3.8               
         X        226        ASN         0.16645          0.4404               0               0          1.3316               0           1.016         0.17108          0.9721        0.053051          1.3415         0.70818            -3.5               
         X        227        ASP               0               0               0               0               0               0          2.6476          0.7065          3.2555         0.45289          3.9618          1.6379            -3.5               
         X        228        ASP               0               0               0               0               0               0          1.9089         0.45736          2.2159         0.33549          2.7214           1.217            -3.5               
         X        229        THR         0.57023         0.66038           0.474         0.67033           1.422               0         0.60604          0.2109         0.46171         0.14058          1.0038         0.26302            -0.7               
         X        230        GLU         0.13649         0.38604               0               0          1.2284               0         0.97107         0.48573          1.3294          0.3464          1.8944         0.35323            -3.5               
         X        231        VAL         0.60577         0.70429         0.51198         0.72404          1.5359               0         0.18248         0.12608        0.048523        0.037063         0.37104       0.0067513             4.2               
         X        232        TYR          0.5422         0.79769         0.18809         0.49763          2.2558               0          0.5695         0.36872         0.75702         0.31025          1.3155          0.1085            -1.3               
         X        233        TYR         0.45658         0.64863         0.17336         0.45866          1.5295               0         0.58132         0.26614         0.67756         0.27177          1.1484          0.2864            -1.3               
         X        234        SER               0               0               0               0               0               0          0.4753         0.19233         0.26302               0         0.75124         0.26302            -0.8               
