pdb_id: 4WE2
analysis type: bound
radii_file: C:\Users\choi\Desktop\PSAIA_output\amac_data\chothia.radii
ASA_zSice: 0.25
ASA_rSolvent: 1.4
CX_sRadius: 10
CX_vAtom: 20.1
radii_file: C:\Users\choi\Desktop\PSAIA_output\amac_data\hydrophobicity.hpb

  chain id|    res id|  res name|    average DPX|      s_avg DPX|   s-ch avg DPX| s-ch s_avg DPX|        max DPX|        min DPX|     average CX|       s_avg CX|    s-ch avg CX|  s-ch s_avg CX|         max CX|         min CX| Hydrophobicity|               
         A         22        ARG               0               0               0               0               0               0          2.6211         0.72001          2.8872         0.46926          3.6311          1.3155            -4.5               
         A         23        GLN         0.13872         0.39236               0               0          1.2485               0         0.82463         0.19404         0.82491         0.17372          1.1708         0.62811            -3.5               
         A         24        LYS         0.90088         0.84015         0.61224         0.74987          2.2459               0         0.39664         0.22215         0.50116         0.21214         0.87746         0.10263            -3.9               
         A         25        TRP           2.527          1.8015          3.2654          1.5642          5.2944               0        0.056204         0.08697       0.0068474        0.013743          0.2864               0            -0.9               
         A         26        GLU         0.10071         0.36446               0               0          1.4637               0          0.5815         0.32491         0.70643         0.28996          1.1937         0.11443            -3.5               
         A         27        TRP          1.5751          1.5516          2.2052          1.4076           4.105               0        0.092242         0.15398       0.0091087        0.027326         0.48855               0            -0.9               
         A         28        LYS         0.17759         0.40563         0.20801         0.45357          1.3424               0         0.63276         0.44264         0.72913         0.45795          1.6718         0.12042            -3.9               
         A         29        VAL         0.77599         0.94927          1.3308          1.0227          2.4867               0         0.40083         0.15087           0.312         0.11399         0.69429         0.19769             4.2               
         A         30        GLY         0.30679         0.53137               0               0          1.2272               0         0.39502        0.068582               0               0         0.46759         0.31068            -0.4               
         A         31        THR               0               0               0               0               0               0         0.95937         0.20745          1.1794        0.047066          1.2408         0.66718            -0.7               
         A         32        GLY               0               0               0               0               0               0         0.62416        0.062317               0               0         0.70818         0.54369            -0.4               
         A         33        LEU           2.547          1.1968           3.262         0.53969          3.8788               0         0.28219         0.15248         0.15567        0.055979         0.57877        0.096829             3.8               
         A         34        ASN         0.65268         0.90369               0               0          2.4698               0         0.83877         0.25947          1.0039         0.26285          1.2652         0.55521            -3.5               
         A         35        GLY               0               0               0               0               0               0          1.0652         0.24343               0               0          1.4517         0.78118            -0.4               
         A         36        PHE         0.37215          0.6079         0.39496         0.62455          1.3991               0         0.47355         0.18808         0.34609        0.093222         0.76608         0.19769             2.8               
         A         37        GLY               0               0               0               0               0               0          1.0059        0.064737               0               0           1.084          0.9119            -0.4               
         A         38        ASN         0.35027          0.6108         0.70054         0.70765          1.5426               0          0.6076         0.11898         0.50285        0.072485         0.75124         0.38932            -3.5               
         A         39        VAL         0.70966         0.86194               0               0          2.2307               0          1.1809         0.41535          1.6313         0.10632          1.7065         0.61548             4.2               
         A         40        LEU         0.33532         0.58396               0               0          1.4626               0         0.69227         0.16161         0.71527         0.20428          1.0038         0.43722             3.8               
         A         41        ASN               0               0               0               0               0               0          1.9983         0.74048          2.6568         0.43455          3.3416          1.0431            -3.5               
         A         42        ASP         0.16946         0.44834               0               0          1.3557               0          1.0489         0.23577          1.1712         0.23013          1.5414         0.75124            -3.5               
         A         43        LEU          1.3407         0.89852          1.6516          1.0285           2.548               0         0.43964         0.27784         0.19205        0.089792         0.92961         0.11443             3.8               
         A         44        THR         0.71956         0.87318               0               0          2.2543               0          1.1874         0.31579          1.4789         0.20211          1.6379         0.73665            -0.7               
         A         45        ASN               0               0               0               0               0               0           1.862         0.37349          2.1019         0.34502          2.5931          1.3415            -3.5               
         A         46        GLY               0               0               0               0               0               0          1.4982         0.28265               0               0          1.8162          1.1937            -0.4               
         A         47        GLY         0.97336          1.0189               0               0          2.3728               0         0.64719         0.17963               0               0          0.9119         0.42738            -0.4               
         A         48        THR          1.3323          1.2113               0               0          2.8924               0         0.70375         0.20892         0.91821         0.10786          1.0038         0.40809            -0.7               
         A         49        LYS         0.58167         0.87691               0               0          2.4683               0         0.72592         0.32676         0.95022         0.27429          1.4517         0.33588            -3.9               
         A         50        LEU          1.1145         0.93371         0.76547          0.7655          2.3945               0         0.18003        0.088845         0.10704         0.05847         0.29439        0.052513             3.8               
         A         51        THR         0.38538         0.61155               0               0          1.4459               0         0.65092         0.16528         0.81764        0.019854         0.84423         0.36208            -0.7               
         A         52        ILE         0.81992         0.85942         0.37625         0.65169           2.261               0         0.37719         0.11996         0.27625        0.066605         0.54369         0.17077             4.5               
         A         53        THR         0.38496         0.61088               0               0          1.4443               0          1.0401          0.2411           1.308        0.047476          1.3415         0.76608            -0.7               
         A         54        VAL          1.3286         0.95784          2.1968         0.45286          2.5327               0         0.59199         0.23775         0.35413        0.070762         0.94764         0.25541             4.2               
         A         55        THR          0.2094         0.51291               0               0          1.4658               0          1.4976         0.39177           1.898         0.22569          2.2061         0.98474            -0.7               
         A         56        GLY          0.9021         0.96228               0               0          2.2779               0          1.0722         0.27863               0               0          1.3954         0.68063            -0.4               
         A         57        ASN         0.34311         0.59681         0.31562         0.54667          1.4824               0         0.72882         0.16776         0.79493         0.16285          1.0633         0.49926            -3.5               
         A         58        LYS          0.5875         0.87458               0               0          2.4185               0         0.44301         0.22771         0.57529         0.21678         0.96601         0.15137            -3.9               
         A         59        PRO         0.60471         0.70335               0               0          1.5341               0         0.21363        0.086841         0.29015        0.068663         0.36208          0.1085             1.6               
         A         60        ILE          3.4337         0.62728          3.9418         0.16355          4.0704          2.2932        0.025199        0.025458       0.0029096       0.0050396        0.068705               0             4.5               
         A         61        LEU          4.0328         0.40845          4.2334         0.32578          4.4995           3.474         0.01605        0.021899       0.0041433       0.0071764        0.057855               0             3.8               
         A         62        LEU         0.67947         0.91671         0.38064         0.65929          2.4264               0        0.073839        0.063884         0.11737        0.058486         0.21161               0             3.8               
         A         63        GLY          0.6421         0.64278               0               0          1.3262               0       0.0041433       0.0071764               0               0        0.016573               0            -0.4               
         A         64        ARG          1.0319          1.2339         0.21951         0.53769          3.1295               0         0.21722         0.18574         0.31992         0.15644          0.5669               0            -4.5               
         A         65        THR          2.4222          1.2972          3.5246         0.48404          4.2089               0        0.037294        0.061658               0               0         0.16423               0            -0.7               
         A         66        LYS         0.32573         0.60944         0.29661         0.59323          1.4831               0         0.69555         0.44312         0.96985         0.42185          1.6718         0.21161            -3.9               
         A         67        GLU          0.2848         0.53349               0               0          1.3391               0         0.50241         0.39186         0.79257         0.29343          1.1484          0.1085            -3.5               
         A         68        ALA          1.0257         0.93725          2.4615               0          2.4615               0         0.16094        0.074468         0.14504               0         0.30248        0.085404             1.8               
         A         69        PHE          1.0593         0.86901         0.93311         0.87036          2.3736               0         0.15539        0.051253         0.17189        0.048825         0.22587        0.063253             2.8               
         A         70        ALA         0.29518         0.59035               0               0          1.4759               0         0.37589        0.098011         0.32737               0         0.54369         0.27851             1.8               
         A         71        THR         0.36652          0.5801               0               0          1.3314               0         0.65578         0.12292           0.622         0.10297         0.82805           0.478            -0.7               
         A         72        PRO         0.17722          0.4341               0               0          1.2405               0          2.2677         0.43998          2.4908         0.42174           2.789          1.5728             1.6               
         A         73        VAL         0.21304         0.52183               0               0          1.4913               0          2.2924         0.94396          3.2406         0.44527          3.8465         0.94764             4.2               
         A         78        ASP         0.82688         0.86449         0.37745         0.65376          2.2595               0         0.34515         0.10686         0.40458        0.094607          0.5669         0.17739            -3.5               
         A         79        GLY         0.90775         0.96656               0               0           2.285               0         0.13361        0.080004               0               0         0.24046        0.036804            -0.4               
         A         80        ILE         0.53065         0.68976         0.38138         0.66057          1.5255               0         0.12697        0.072427         0.17691        0.073923         0.29439        0.068705             4.5               
         A         81        PRO          1.9086          1.3732          3.1886         0.49304          3.5728               0        0.020882         0.03073               0               0        0.085404               0             1.6               
         A         82        GLN         0.45511         0.64745               0               0          1.5263               0         0.38896         0.28593         0.60847         0.19651         0.87746        0.096829            -3.5               
         A         83        ILE          2.7027          1.5071          3.9272         0.77803           5.115               0         0.14397         0.10911        0.045678        0.047259         0.31068               0             4.5               
         A         84        ALA         0.24316         0.48633               0               0          1.2158               0         0.38609        0.094587          0.5669               0          0.5669         0.30248             1.8               
         A         85        PHE         0.38569         0.63319         0.21758         0.53295           1.523               0         0.21351         0.13999         0.11952        0.053634           0.478        0.057855             2.8               
         A         86        THR          0.9518          1.1534               0               0          2.7189               0         0.49888         0.23441         0.74163         0.13387         0.92961          0.2187            -0.7               
         A         87        ASP          1.0901          0.9366         0.85895         0.92262          2.4932               0         0.45795         0.10195         0.49286         0.11861         0.65395         0.31897            -3.5               
         A         88        TYR          0.6289         0.93717         0.94335          1.0103          2.4201               0         0.55254         0.22968         0.47479         0.13335          1.1484         0.27072            -1.3               
         A         89        GLU         0.14742         0.41696               0               0          1.3268               0          1.5085         0.46217          1.4838         0.27699          2.4733         0.78118            -3.5               
         A         90        GLY               0               0               0               0               0               0          1.5353         0.15253               0               0          1.7421          1.3155            -0.4               
         A         91        ALA         0.71932         0.92683               0               0          2.2535               0          1.0554         0.22833          1.2408               0          1.2408         0.65395             1.8               
         A         92        SER          0.4565         0.64927               0               0          1.4892               0          1.2572         0.40527          1.7497         0.14472          1.8944         0.73665            -0.8               
         A         93        VAL         0.60474         0.70333         0.50797         0.71838          1.5239               0         0.36739         0.12328         0.23307        0.053246         0.49926         0.15776             4.2               
         A         94        LYS          0.1355         0.38326               0               0          1.2195               0          1.0987         0.65617          1.5813         0.49589          2.2061         0.39864            -3.9               
         A         95        LEU         0.15172         0.40142               0               0          1.2138               0         0.22374         0.16223        0.073674        0.030307         0.46759        0.041988             3.8               
         A         96        ARG         0.24358         0.51871               0               0          1.4465               0          1.0322          0.6495          1.4187         0.50011          2.2562         0.27072            -4.5               
         A         97        ASN         0.34219         0.59578               0               0          1.4899               0         0.50093         0.12893         0.45453         0.11659         0.75124         0.27072            -3.5               
         A         98        THR          0.2095         0.51317         0.48884         0.69132          1.4665               0         0.56946         0.16447         0.51274         0.16213         0.78118         0.32737            -0.7               
         A         99        ASP               0               0               0               0               0               0          1.9892          0.5055          2.3897         0.38945          3.0076          1.2652            -3.5               
         A        100        GLY               0               0               0               0               0               0          2.4483         0.33677               0               0           2.932          2.1104            -0.4               
         A        101        GLU               0               0               0               0               0               0          1.5678         0.49169           1.797         0.52659          2.4733         0.98474            -3.5               
         A        102        THR          0.1778         0.43551               0               0          1.2446               0          1.3028         0.30319          1.5551         0.25224          1.8944         0.92961            -0.7               
         A        103        ASN         0.62565         0.85165         0.30757         0.53273          2.2717               0         0.96162         0.29547          1.1932         0.25748           1.605         0.68063            -3.5               
         A        104        LYS         0.39869         0.77528               0               0          2.2427               0          1.0855         0.76248          1.5714         0.71335          2.7214         0.38932            -3.9               
         A        105        GLY          1.2436         0.80302               0               0          2.2358               0          0.1489        0.051696               0               0         0.22587        0.091087            -0.4               
         A        106        LEU         0.34586          0.6016               0               0          1.4941               0         0.28404          0.1493          0.4129         0.10328         0.57877         0.12042             3.8               
         A        107        ALA          1.0165         0.89877               0               0          2.3032               0         0.14361        0.034907         0.11443               0         0.17739        0.091087             1.8               
         A        108        TYR          1.4183          1.3261         0.66448         0.92018          3.3531               0         0.50642         0.30694          0.6511         0.28007          1.1937         0.20461            -1.3               
         A        109        PHE          1.1539         0.95312          0.7266         0.89205          2.4572               0         0.10185        0.096424        0.037715        0.052796         0.26302               0             2.8               
         A        110        VAL         0.38845         0.61637               0               0          1.4564               0         0.38047         0.13718         0.53645        0.023359          0.5669         0.23312             4.2               
         A        111        LEU          1.8026          1.2763          2.1264          1.2702          4.0965               0        0.083565        0.073946        0.054441        0.061914         0.18408               0             3.8               
         A        112        PRO         0.17664         0.43268               0               0          1.2365               0         0.20541         0.10159         0.31099          0.0202         0.33588        0.057855             1.6               
         A        113        MET          3.4069         0.53988          3.6432         0.15878          3.8909          2.2725        0.068688        0.058427        0.028925        0.017615         0.20461               0             1.9               
         A        114        LYS         0.89247          1.0784         0.30405          0.6081          2.7477               0         0.39461         0.21484         0.53775         0.17796         0.86069         0.07978            -3.9               
         A        115        ASN         0.92809         0.97619         0.90082         0.95578          2.3061               0         0.78754         0.19575         0.90549         0.16789          1.1265         0.51013            -3.5               
         A        116        ALA               0               0               0               0               0               0          1.5908          0.3485          1.6718               0          2.1104          1.0233             1.8               
         A        117        GLU         0.14649         0.41434               0               0          1.3184               0           2.568         0.63856          2.8807         0.58453          3.9618          1.5728            -3.5               
         A        118        GLY               0               0               0               0               0               0           1.345         0.15462               0               0          1.5728          1.1708            -0.4               
         A        119        THR         0.70053         0.85546               0               0          2.2359               0          1.3871         0.44031          1.8102         0.23335          2.1104         0.72229            -0.7               
         A        120        LYS         0.30159         0.56705               0               0          1.4771               0          0.8703         0.19902         0.94851         0.19447          1.2652          0.5669            -3.9               
         A        121        VAL         0.38557         0.61265               0               0          1.4629               0         0.33457        0.085828         0.26443        0.090999         0.39864         0.15776             4.2               
         A        122        GLY         0.67728         0.68402               0               0            1.49               0         0.39809        0.049979               0               0         0.44721         0.33588            -0.4               
         A        123        SER         0.24342         0.54431               0               0          1.4605               0         0.40713         0.18109         0.64744       0.0065116         0.65395         0.20461            -0.8               
         A        124        VAL          1.8492          1.1005          2.9601         0.43797          3.5259               0         0.10253        0.092539       0.0061615       0.0074035         0.24046               0             4.2               
         A        125        LYS         0.90865          1.0845         0.30446         0.60892          2.8001               0         0.40444         0.22631         0.56135         0.18671          0.9119         0.15137            -3.9               
         A        126        VAL          3.9833         0.41551          4.0392         0.30251          4.6568           3.413        0.072413        0.068712      0.00063706      0.00090093         0.19084               0             4.2               
         A        127        ASN           1.186          1.2516               0               0          3.0839               0         0.24877         0.11248         0.35079         0.05056         0.39864        0.085404            -3.5               
         A        128        ALA          3.4566         0.47162          4.1963               0          4.1963          2.8767         0.08056        0.049607               0               0         0.12647               0             1.8               
         A        129        SER          1.5829          1.2048               0               0           3.063               0         0.11544        0.082908         0.21039        0.052626         0.26302        0.011638            -0.8               
         A        130        TYR          1.3644          1.0712          1.2503          1.0516          2.7341               0        0.018744        0.018862        0.019318        0.019807        0.057855               0            -1.3               
         A        131        ALA          1.0068         0.87894               0               0            2.24               0               0               0               0               0               0               0             1.8               
         A        132        GLY          1.6279          1.0511               0               0            2.72               0               0               0               0               0               0               0            -0.4               
         A        133        VAL          4.5112         0.82916          4.0756         0.22737          5.9455          3.4676               0               0               0               0               0               0             4.2               
         A        134        PHE          3.1056           1.691          2.0685          1.2248          5.2697               0        0.016699        0.031505        0.026241        0.036184        0.091087               0             2.8               
         A        135        GLY          4.6979         0.55957               0               0          5.5227          3.9548               0               0               0               0               0               0            -0.4               
         A        136        LYS         0.86759          1.0549         0.29429         0.58859           2.726               0         0.20041         0.20707         0.35011         0.16314         0.57877               0            -3.9               
         A        137        GLY          1.2618         0.81328               0               0          2.2686               0        0.041296        0.041344               0               0        0.085404               0            -0.4               
         A        138        GLY         0.90725         0.96764               0               0          2.2904               0         0.42587          0.1215               0               0          0.5669         0.25541            -0.4               
         A        139        VAL         0.38704         0.61426               0               0          1.4539               0          1.2602         0.28214          1.4418         0.26937          1.8162         0.89452             4.2               
         A        140        THR               0               0               0               0               0               0          1.9089         0.37868          2.2588          0.2542          2.5931          1.3155            -0.7               
         A        141        SER         0.20614         0.46094               0               0          1.2368               0          1.2622         0.14208          1.2411        0.024098          1.4232          1.0038            -0.8               
         A        142        ALA         0.24035         0.48071               0               0          1.2018               0          1.1907          0.3404          1.7421               0          1.7421         0.75124             1.8               
         A        143        ASP         0.47087          0.8341               0               0          2.2332               0          1.0982         0.43667          1.4751         0.27258          1.8548         0.54369            -3.5               
         A        144        GLY          0.3377         0.58492               0               0          1.3508               0         0.33585         0.10461               0               0         0.46759         0.17739            -0.4               
         A        145        GLU         0.73825          1.0878               0               0          2.7168               0         0.50474         0.34168         0.76337         0.22573           1.105        0.047224            -3.5               
         A        146        LEU          4.1793         0.55651          4.4216         0.44491           4.946          3.1758        0.088065        0.056022        0.063264        0.058993         0.15776               0             3.8               
         A        147        PHE          2.2409          1.7593          1.0858          1.0191          4.7759               0         0.15815         0.15604         0.24615         0.13013         0.46759               0             2.8               
         A        148        SER          2.3705          1.3132         0.72375         0.72375          3.7179               0         0.03685        0.036312      0.00095558      0.00095558        0.096829               0            -0.8               
         A        149        LEU          1.6334          1.0809          1.6325           1.028          2.9518               0        0.005903        0.015618        0.011806        0.020448        0.047224               0             3.8               
         A        150        PHE           1.554          1.1187          1.5981          1.1998          3.4506               0         0.23708         0.21422         0.35813         0.17768         0.62811               0             2.8               
         A        151        ALA          1.0079         0.89385               0               0          2.2941               0         0.15185        0.088863        0.052513               0         0.27072        0.052513             1.8               
         A        152        ASP         0.47682         0.84607               0               0          2.2748               0         0.74344         0.22475          0.7947         0.20239          1.1265         0.38932            -3.5               
         A        153        GLY         0.30934         0.53578               0               0          1.2373               0          0.5732         0.17815               0               0         0.81215         0.31068            -0.4               
         A        154        SER         0.20341         0.45483               0               0          1.2204               0         0.77328         0.28613           1.101         0.18909          1.2901         0.38932            -0.8               
         A        155        ARG         0.13179         0.41675               0               0          1.4497               0          1.7706            1.46          2.5234          1.3364          4.4841         0.36208            -4.5               
         A        156        ALA         0.53738         0.66217               0               0          1.4586               0         0.15371        0.083405         0.21161               0         0.25541        0.041988             1.8               
         A        157        ILE          1.0397         0.87841           1.398         0.90282          2.5237               0       0.0039589        0.010474               0               0        0.031671               0             4.5               
         A        158        PHE          3.6359         0.79232          4.0344         0.67348          5.0053          2.2973               0               0               0               0               0               0             2.8               
         A        159        TYR          0.9894         0.89869         0.53822         0.69557          2.4905               0          0.5781         0.45744         0.79021         0.42134          1.7065        0.063253            -1.3               
         A        160        GLY               0               0               0               0               0               0         0.20066         0.03891               0               0         0.25541         0.15776            -0.4               
         A        161        GLY          1.8422         0.50722               0               0          2.4197          1.3309         0.03903        0.031213               0               0         0.07978       0.0019112            -0.4               
         A        162        LEU           1.771          1.5107          3.1761         0.46252          3.7056               0        0.023319        0.030525               0               0        0.091087               0             3.8               
         A        163        THR          1.1176          1.0638          2.1995         0.46581          2.5965               0         0.16575        0.091098         0.17857         0.10925         0.31897        0.047224            -0.7               
         A        164        THR         0.20592          0.5044               0               0          1.4415               0         0.71466         0.18373         0.84938        0.098893         0.98474         0.42738            -0.7               
         A        165        THR          0.5685         0.65856         0.47394         0.67025          1.4218               0         0.81126         0.14782         0.88065        0.078121          1.0038         0.54369            -0.7               
         A        166        VAL         0.20629         0.50531               0               0           1.444               0          1.0147          0.3122          1.3226         0.19235          1.5728         0.61548             4.2               
         A        167        SER               0               0               0               0               0               0          1.2646         0.32164          1.6757         0.10291          1.7786         0.87746            -0.8               
         A        168        GLY               0               0               0               0               0               0         0.81254         0.18938               0               0          1.0431         0.57877            -0.4               
         A        169        ALA         0.24591         0.49182               0               0          1.2296               0         0.27697          0.1138         0.27072               0         0.48855         0.17077             1.8               
         A        170        ALA         0.54103         0.66605               0               0          1.4593               0         0.10603        0.050074        0.047224               0         0.18408        0.047224             1.8               
         A        171        LEU         0.63079         0.85045               0               0          2.2405               0         0.20113        0.093712         0.26797        0.081904         0.40809         0.07978             3.8               
         A        172        THR         0.20826         0.51013               0               0          1.4578               0         0.60751         0.18434         0.74296         0.10717         0.89452         0.31897            -0.7               
         A        173        SER          1.1159          1.1803               0               0          2.7599               0         0.48181         0.22436         0.75866       0.0074205         0.76608         0.15137            -0.8               
         A        174        GLY          3.0375         0.50838               0               0          3.8018          2.4322         0.14776        0.055933               0               0          0.2187         0.07978            -0.4               
         A        175        SER         0.24361         0.54472               0               0          1.4616               0         0.62504         0.24374         0.95037        0.072911          1.0233         0.32737            -0.8               
         A        176        ALA         0.25084         0.50168               0               0          1.2542               0         0.48062         0.11408         0.62811               0         0.62811         0.33588             1.8               
         A        177        ALA          1.8741          1.0582               0               0          3.0614               0        0.085663        0.067459               0               0         0.19769               0             1.8               
         A        178        ALA         0.79387          1.0202               0               0          2.4732               0         0.12704        0.059818        0.074214               0         0.24046        0.074214             1.8               
         A        179        ALA               0               0               0               0               0               0         0.60699         0.18806         0.92961               0         0.92961         0.36208             1.8               
         A        180        ARG         0.96076         0.93329         0.94286         0.86716          2.4169               0         0.20557        0.088277          0.1921         0.09716         0.35323        0.057855            -4.5               
         A        181        THR          3.5516         0.54464          3.7948         0.44347          4.1905           2.467        0.088138        0.081696               0               0         0.20461               0            -0.7               
         A        182        GLU         0.58251         0.87668               0               0          2.4607               0         0.89293         0.40454          1.1391         0.34826          1.6379          0.2864            -3.5               
         A        183        LEU         0.53184         0.68945         0.37958         0.65745          1.5183               0         0.77057         0.20386         0.83802          0.2661          1.2901         0.60306             3.8               
         A        184        PHE          1.2053           1.009          1.6849         0.85892          2.7407               0         0.21938        0.089349          0.1596        0.045529         0.38012         0.07978             2.8               
         A        185        GLY         0.33195         0.57495               0               0          1.3278               0         0.44355        0.044431               0               0         0.51013         0.39864            -0.4               
         A        186        SER         0.72215         0.72481         0.72798         0.72798          1.5453               0         0.19024         0.16672               0               0           0.478               0            -0.8               
         A        187        LEU           1.312         0.86036          1.3912         0.90542          2.5373               0         0.13856        0.072103        0.099973        0.075728         0.24046               0             3.8               
         A        188        SER         0.59702         0.88433               0               0          2.2466               0         0.47035         0.23628         0.79706        0.030984         0.82805         0.23312            -0.8               
         A        189        ARG         0.45582          0.7742               0               0          2.2444               0         0.50724         0.23406         0.62308          0.2183         0.94764         0.24046            -4.5               
         A        190        ASN               0               0               0               0               0               0          1.3466         0.68546          1.8909          0.5864          2.8592         0.70818            -3.5               
         A        191        ASP         0.31833         0.55183               0               0          1.3187               0         0.68258         0.24936         0.84388         0.20412           1.105         0.33588            -3.5               
         A        192        ILE          3.8338          1.0196          4.7777         0.35353          5.3067          2.2768        0.033827        0.056035               0               0         0.17077               0             4.5               
         A        193        LEU          1.1344         0.94608         0.37467         0.64895          2.4286               0         0.25065         0.13997         0.35087         0.13543          0.5669         0.12042             3.8               
         A        194        GLY         0.31105         0.53875               0               0          1.2442               0         0.50051        0.077076               0               0         0.60306         0.40809            -0.4               
         A        195        GLN         0.85768          0.8114          1.0082         0.87724          2.2189               0         0.18575        0.072464         0.14403         0.06652         0.29439        0.031671            -3.5               
         A        196        ILE          3.5154         0.84955          4.3037         0.30558          4.7919           2.218         0.06882        0.076456               0               0         0.19769               0             4.5               
         A        197        GLN         0.44018         0.85287               0               0          2.4515               0         0.68107         0.22386         0.71392         0.11993          1.0633         0.26302            -3.5               
         A        198        ARG         0.12204         0.38591               0               0          1.3424               0          1.2084          0.2467           1.281         0.18616          1.5108         0.70818            -4.5               
         A        199        VAL         0.41015         0.65008         0.50673         0.71663          1.5202               0         0.69703          0.2038         0.55939        0.080446           1.105         0.45733             4.2               
         A        200        ASN           1.258         0.81578          1.2649          0.8086          2.3116               0         0.50517         0.12178         0.46065         0.14459         0.69429         0.30248            -3.5               
         A        201        ALA               0               0               0               0               0               0          1.0608         0.24664          1.5414               0          1.5414         0.84423             1.8               
         A        202        ASN         0.31592         0.54807          0.3314           0.574          1.3256               0         0.88066         0.11903         0.87606         0.14771           1.105         0.70818            -3.5               
         A        203        ILE          3.3051         0.78338          4.0636         0.15789          4.2354          2.2055          0.3603         0.15172         0.21224        0.027534         0.55521         0.17077             4.5               
         A        204        THR         0.21364          0.5233               0               0          1.4954               0          1.1773         0.31964          1.5215        0.038268          1.5728         0.70818            -0.7               
         A        205        SER         0.82058         0.87462               0               0          2.2464               0         0.82235         0.37684          1.3227         0.12904          1.4517         0.38012            -0.8               
         A        206        LEU         0.56444         0.72885         0.75838         0.75855            1.54               0         0.27099         0.23562        0.054814        0.060263         0.66718               0             3.8               
         A        207        VAL         0.70322         0.86031               0               0          2.2548               0         0.89803         0.30831          1.2192        0.070569          1.3155         0.46759             4.2               
         A        208        ASP         0.34075         0.59261         0.31403         0.54392          1.4699               0         0.83535         0.19521         0.81686         0.22206           1.105         0.49926            -3.5               
         A        209        VAL         0.40753         0.64684         0.51078         0.72235          1.5323               0         0.60928          0.1027         0.62939         0.12931         0.81215         0.51013             4.2               
         A        210        ALA               0               0               0               0               0               0          1.1527         0.25338          1.6379               0          1.6379         0.96601             1.8               
         A        211        GLY         0.89398         0.95037               0               0           2.244               0         0.57021         0.22975               0               0         0.81215         0.25541            -0.4               
         A        212        SER         0.67813         0.68158          0.6724          0.6724          1.4803               0         0.29617         0.11262         0.17565        0.043052         0.44721          0.1326            -0.8               
         A        213        TYR         0.65517         0.80831         0.34525         0.59806          2.2771               0          0.4998         0.32306         0.65277         0.29083          1.2408          0.1085            -1.3               
         A        214        ARG         0.26945         0.57173         0.21583         0.52866          1.5108               0         0.68107         0.41052         0.90227         0.35724          1.3415         0.22587            -4.5               
         A        215        GLU         0.48167          0.6872          0.6218         0.76183          1.5872               0         0.13071        0.056073         0.12144        0.071434         0.19769        0.036804            -3.5               
         A        216        ASP         0.34296         0.59709               0               0          1.4928               0         0.43929         0.21809         0.61759         0.17101         0.87746         0.20461            -3.5               
         A        217        MET          2.1259          1.0167          1.9635          1.3413          3.5304               0         0.11034        0.097772        0.019945        0.034546         0.24046               0             1.9               
         A        218        GLU         0.43536         0.84025               0               0          2.3972               0          1.0019         0.51534          1.3843         0.37353          1.9771          0.3445            -3.5               
         A        219        TYR         0.63966         0.80265         0.63487         0.86872          2.3578               0         0.51189         0.18965         0.40046        0.095541         0.86069         0.27072            -1.3               
         A        220        THR               0               0               0               0               0               0          1.7789         0.30336          1.9532         0.11234          2.1104          1.1708            -0.7               
         A        221        ASP         0.15867          0.4198         0.31734         0.54965          1.2694               0          1.6518         0.30624          1.6059         0.40149          2.1575          1.0233            -3.5               
         A        222        GLY               0               0               0               0               0               0         0.83565         0.29491               0               0           1.217         0.49926            -0.4               
         A        223        THR         0.92324         0.87306         0.48675         0.68837          2.4094               0         0.37495         0.10353         0.37417         0.10989         0.53233         0.22587            -0.7               
         A        224        VAL          2.3187          1.2049          1.3245          1.0195          3.7865               0         0.11305        0.073271         0.15963        0.047103         0.22587               0             4.2               
         A        225        VAL           4.798         0.49505          4.8257         0.50618          5.5776          3.9747        0.017103        0.032025         0.01761        0.036533         0.11443               0             4.2               
         A        226        SER          5.4463          1.0909          4.1684         0.36914          7.0859          3.7993               0               0               0               0               0               0            -0.8               
         A        227        ALA          5.7026         0.57451          5.5567               0          6.6245          4.8537               0               0               0               0               0               0             1.8               
         A        228        ALA          4.4851         0.59687          3.5702               0          5.4307          3.5702               0               0               0               0               0               0             1.8               
         A        229        TYR          4.5825         0.52969          4.7535         0.47983          5.4257          3.6993       0.0059085         0.01449       0.0088628        0.016993        0.052513               0            -1.3               
         A        230        ALA          4.8947         0.47337          5.1671               0          5.3728          4.0083               0               0               0               0               0               0             1.8               
         A        231        LEU          3.0561          1.6203          1.6333          1.0252          4.9968               0       0.0035385       0.0071597       0.0016878       0.0029234        0.021556               0             3.8               
         A        232        GLY          4.2534         0.25806               0               0          4.4563          3.8178        0.035841        0.018408               0               0        0.063253        0.011638            -0.4               
         A        233        ILE           4.591         0.60656          4.9889          0.3611          5.4069          3.6192         0.10799        0.075294        0.064808        0.047007         0.26302               0             4.5               
         A        234        ALA          1.5136         0.86223               0               0          2.4352               0         0.39373         0.12141         0.44721               0         0.48855         0.16423             1.8               
         A        235        ASN           0.341         0.59237               0               0          1.4546               0          1.3676         0.49147          1.7954         0.31442          2.2562         0.70818            -3.5               
         A        236        GLY         0.36527         0.63267               0               0          1.4611               0          1.0635         0.10431               0               0           1.217         0.92961            -0.4               
         A        237        GLN          0.8537         0.81197         0.55258         0.68023          2.2633               0         0.39195         0.13938         0.28382        0.068196         0.64093         0.17077            -3.5               
         A        238        THR          1.1784          1.1252         0.47729           0.675          2.8398               0         0.56381         0.22625         0.77433         0.12368         0.94764         0.23312            -0.7               
         A        239        ILE          2.4773          1.1297           1.812          1.1995          3.6552               0         0.16103          0.1267        0.049403        0.048948         0.35323        0.011638             4.5               
         A        240        GLU         0.75864         0.90689         0.30099         0.60198          2.5174               0         0.54566         0.28084          0.7732         0.14625          0.9119         0.19769            -3.5               
         A        241        ALA          1.3392          1.1808               0               0          2.8407               0         0.13256        0.072517        0.011638               0         0.19084        0.011638             1.8               
         A        242        THR         0.75865         0.94368               0               0          2.5073               0         0.44601         0.17158         0.62301        0.074269         0.72229          0.2187            -0.7               
         A        243        PHE          1.0254         0.99589          1.0699         0.99995          2.3743               0         0.26748         0.25219         0.10897        0.099518         0.78118               0             2.8               
         A        244        ASN           0.167         0.44183               0               0           1.336               0          1.3147         0.25459          1.2937         0.14784          1.8162         0.89452            -3.5               
         A        245        GLN         0.13933         0.39408               0               0           1.254               0          1.6542         0.57554          2.0523         0.44414          2.8592         0.84423            -3.5               
         A        246        ALA          0.2948         0.58959               0               0           1.474               0          1.0378         0.17185          1.2652               0          1.2652         0.81215             1.8               
         A        247        VAL         0.58212         0.67775         0.51046          0.7219          1.5314               0         0.43799         0.20452         0.21671        0.057728         0.72229         0.14504             4.2               
         A        248        THR         0.17957         0.43985               0               0           1.257               0          1.8059         0.49681          2.2367         0.21634          2.5322          1.0038            -0.7               
         A        249        THR          0.1813         0.44408               0               0          1.2691               0          1.7543         0.64033          2.2644         0.52962          2.8592         0.76608            -0.7               
         A        250        SER         0.24265         0.54259               0               0          1.4559               0          1.2235         0.21927          1.4236        0.028181          1.4517          0.9119            -0.8               
         A        251        THR               0               0               0               0               0               0         0.44116         0.10596         0.34306        0.075002         0.57877         0.24046            -0.7               
         A        252        GLN         0.15834         0.44784               0               0           1.425               0         0.69733         0.24833         0.88935         0.14851          1.0431         0.37104            -3.5               
         A        253        TRP          1.2757         0.91041          1.5029          0.8816          2.5987               0        0.063166         0.07182        0.024382          0.0292         0.23312               0            -0.9               
         A        254        SER          1.3971          1.1344               0               0          2.9996               0        0.096927        0.094935         0.22975        0.018138         0.24789        0.016573            -0.8               
         A        255        ALA          3.1484          0.3732          3.5627               0          3.5627           2.509        0.024662        0.022527               0               0        0.057855               0             1.8               
         A        256        PRO         0.60451         0.70276               0               0          1.5396               0         0.17884          0.1049         0.27795         0.07629         0.36208        0.031671             1.6               
         A        257        LEU          1.9922          1.2899         0.99696          1.0505          3.5111               0        0.055492        0.062606       0.0045974       0.0049114         0.19084               0             3.8               
         A        258        ASN         0.49627         0.88832               0               0          2.4334               0         0.35223         0.12778         0.47171        0.048378         0.55521         0.17077            -3.5               
         A        259        VAL          1.3938          1.2848          2.7572         0.21721          2.9176               0         0.25748          0.1347         0.11785         0.06283         0.43722        0.057855             4.2               
         A        260        ALA         0.53861          0.6628               0               0          1.4483               0         0.47475         0.13432         0.72229               0         0.72229         0.33588             1.8               
         A        261        ILE          2.5942          1.3363          3.7092         0.38103          4.0478               0         0.19269         0.16999        0.029332        0.027366         0.40809               0             4.5               
         A        262        THR          1.0587         0.96695               0               0          2.2664               0         0.33513         0.17655         0.51059          0.1108         0.66718          0.1085            -0.7               
         A        263        TYR          1.1865          1.0696          1.5935          1.0054          2.5156               0         0.18802         0.11319          0.1326        0.065112         0.46759        0.021556            -1.3               
         A        264        TYR         0.21991         0.49242         0.17284         0.45729          1.3827               0          1.0281         0.60338          1.2816         0.58764          2.4164         0.32737            -1.3               
         A        265        ASP               0               0               0               0               0               0          1.5994         0.60532           2.149         0.33917          2.5322         0.89452            -3.5               
         A        266        ASN         0.15937         0.42166         0.31875         0.55209           1.275               0         0.86474          0.1967         0.68685        0.069779          1.1484         0.60306            -3.5               
         A        267        LYS               0               0               0               0               0               0          3.1543          1.1997          4.0728         0.79247          4.9542          1.5414            -3.9               
         A        268        GLN               0               0               0               0               0               0          2.5121         0.62678          2.9508         0.50596          3.7363          1.7421            -3.5               
         A        269        MET         0.16669         0.44101               0               0          1.3335               0          1.5131         0.38995          1.8303         0.31276          2.3079          1.1265             1.9               
         A        270        THR         0.71068         0.87099               0               0          2.2887               0         0.94163         0.29183            1.11         0.16389          1.3415         0.45733            -0.7               
         A        271        GLY               0               0               0               0               0               0         0.43342         0.15359               0               0         0.66718         0.26302            -0.4               
         A        272        ASP         0.34954         0.60865               0               0          1.5233               0         0.71502         0.17332          0.7643         0.16865         0.98474         0.49926            -3.5               
         A        273        PHE         0.70481         0.82174         0.72909         0.89715          2.3709               0         0.50331        0.093746         0.45976        0.088862         0.62811          0.3445             2.8               
         A        274        ASN         0.18084         0.47847               0               0          1.4468               0          1.1976         0.19785          1.3639        0.076351          1.4517          0.9119            -3.5               
         A        275        GLY               0               0               0               0               0               0         0.63638        0.090523               0               0         0.72229         0.51013            -0.4               
         A        276        SER         0.24208         0.54131               0               0          1.4525               0         0.54518         0.10833         0.67103        0.080209         0.75124         0.43722            -0.8               
         A        277        VAL          1.2681          0.9003          1.3373          1.0267          2.4957               0         0.20039        0.089918         0.11299        0.024654         0.33588         0.07978             4.2               
         A        278        ASP         0.44132          0.6113         0.34494         0.53216          1.4752               0         0.47125         0.20139         0.49761         0.22594         0.92961         0.27072            -3.5               
         A        279        ILE          3.3796         0.89736          4.2341         0.31287           4.677          2.2481        0.062202        0.064382       0.0041433       0.0071764         0.17077               0             4.5               
         A        280        GLY         0.67814         0.68059               0               0          1.4378               0         0.25704        0.065971               0               0         0.32737         0.16423            -0.4               
         A        281        GLY         0.30665         0.53113               0               0          1.2266               0         0.36185        0.074991               0               0         0.43722         0.25541            -0.4               
         A        282        SER          1.1214          1.1888               0               0          2.7785               0         0.67819         0.19896         0.94917         0.05465          1.0038         0.45733            -0.8               
         A        283        ILE           2.177          1.4775          3.3723         0.66993           4.159               0         0.32361         0.19131         0.16006        0.098977         0.62811        0.016573             4.5               
         A        284        THR         0.36553         0.57892               0               0          1.3422               0          1.1302          0.3756           1.497         0.26073          1.8548         0.64093            -0.7               
         A        285        ALA         0.37298         0.64602               0               0          1.4919               0          1.6545         0.42614               0               0          2.2562           1.217             1.8               
