pdb_id: 4ZIH
analysis type: bound
radii_file: C:\Users\choi\Desktop\PSAIA_output\amac_data\chothia.radii
ASA_zSice: 0.25
ASA_rSolvent: 1.4
CX_sRadius: 10
CX_vAtom: 20.1
radii_file: C:\Users\choi\Desktop\PSAIA_output\amac_data\hydrophobicity.hpb

  chain id|    res id|  res name|    average DPX|      s_avg DPX|   s-ch avg DPX| s-ch s_avg DPX|        max DPX|        min DPX|     average CX|       s_avg CX|    s-ch avg CX|  s-ch s_avg CX|         max CX|         min CX| Hydrophobicity|               
         A         10        GLY               0               0               0               0               0               0          7.3549          2.4691               0               0          10.578          4.7888            -0.4               
         A         11        GLY               0               0               0               0               0               0          2.7733         0.51661               0               0          3.5304          2.1575            -0.4               
         A         12        GLY         0.30789         0.53329               0               0          1.2316               0          2.2872         0.37593               0               0          2.6561          1.8162            -0.4               
         A         13        PRO               0               0               0               0               0               0          2.1664         0.45673          2.6019         0.31554          2.8592           1.605             1.6               
         A         14        THR               0               0               0               0               0               0          2.8594         0.57599          3.4845          0.2849          3.7363          2.3079            -0.7               
         A         15        SER          0.5952         0.88191               0               0          2.2414               0          1.8454          0.1686          1.8418         0.13532          2.0647           1.605            -0.8               
         A         16        SER         0.20559         0.45971               0               0          1.2335               0          2.0752         0.42545          2.6572        0.064162          2.7214           1.605            -0.8               
         A         17        GLU               0               0               0               0               0               0          1.5645         0.16585          1.8162               0          1.8162          1.3682            -3.5               
         A         18        GLN           0.452         0.64207               0               0          1.4912               0          1.2297         0.18228          1.2944         0.14544          1.5108         0.89452            -3.5               
         A         19        ILE          0.5075          0.6592         0.37772         0.65422          1.5109               0          1.2593          0.2201          1.4376         0.13699          1.6718         0.87746             4.5               
         A         20        MET         0.18152         0.48025               0               0          1.4521               0          1.7168         0.49883          2.1787         0.25837          2.5322          1.1484             1.9               
         A         21        LYS         0.13639         0.38576               0               0          1.2275               0          1.3138         0.31758          1.5268         0.23766          1.8548         0.81215            -3.9               
         A         22        THR         0.72168         0.87654               0               0          2.2681               0         0.52783         0.10565         0.48302        0.047614         0.76608         0.42738            -0.7               
         A         23        GLY         0.31154         0.53961               0               0          1.2462               0         0.72429        0.057806               0               0         0.78118         0.62811            -0.4               
         A         24        ALA               0               0               0               0               0               0         0.89936         0.18932          1.1937               0          1.1937         0.68063             1.8               
         A         25        LEU          1.3091          1.1065         0.37939         0.65713          2.7536               0         0.55672          0.1763          0.6777         0.13054         0.84423         0.29439             3.8               
         A         26        LEU         0.71743          0.7225         0.76224         0.76224          1.5296               0         0.26118        0.050516         0.25424        0.030296         0.36208         0.19084             3.8               
         A         27        LEU          1.1072         0.91455         0.37452         0.64869            2.26               0         0.43487        0.096644         0.48531         0.10364         0.62811         0.31897             3.8               
         A         28        GLN         0.43812         0.84647               0               0            2.42               0         0.80082         0.33066          1.0661         0.19135          1.2901         0.38932            -3.5               
         A         29        GLY         0.36143         0.62601               0               0          1.4457               0         0.35502         0.04923               0               0         0.40809         0.29439            -0.4               
         A         30        PHE         0.35777         0.78104               0               0          2.4003               0         0.10994        0.084559        0.048664        0.026932         0.24789        0.011638             2.8               
         A         31        ILE         0.84078         0.90208         0.37914          0.6567          2.4533               0         0.42314        0.085739          0.4422        0.060375         0.53233         0.24046             4.5               
         A         32        GLN          0.1623         0.45906               0               0          1.4607               0         0.93737         0.22386          1.0614         0.19332          1.3415         0.60306            -3.5               
         A         33        ASP         0.15315          0.4052               0               0          1.2252               0         0.69039         0.19744         0.59207         0.14817           1.105         0.43722            -3.5               
         A         34        ARG         0.33207         0.62143         0.30509         0.61019          1.5255               0         0.39708         0.19941         0.23755        0.083817         0.72229         0.10263            -4.5               
         A         35        ALA         0.56927         0.69976               0               0          1.5175               0          1.2665         0.42216         0.98474               0          1.9352         0.79653             1.8               
         A         36        GLY         0.33275         0.57634               0               0           1.331               0          3.0983         0.90204               0               0          4.3435          1.8944            -0.4               
         A         37        ARG               0               0               0               0               0               0          2.9748         0.46946          2.7214               0          3.5304          2.2562            -4.5               
         A         48        ASP               0               0               0               0               0               0          3.5213         0.81562          3.6931         0.60875          4.4841          2.0203            -3.5               
         A         49        PRO         0.19179         0.46978               0               0          1.3425               0          2.3843         0.53323          2.7654          0.5072           3.434          1.7786             1.6               
         A         50        VAL         0.20737         0.50795               0               0          1.4516               0          1.0441         0.19033         0.84726        0.075356          1.2901         0.76608             4.2               
         A         51        PRO               0               0               0               0               0               0          1.5977         0.49035          2.1101         0.21192          2.3079          0.9119             1.6               
         A         52        GLN               0               0               0               0               0               0         0.88133         0.51843         0.46619          0.1893          1.7786         0.22587            -3.5               
         A         53        ASP         0.15389         0.40717               0               0          1.2312               0           1.542         0.29326           1.508         0.31762          1.9352          1.0431            -3.5               
         A         54        ALA               0               0               0               0               0               0          2.3744          0.4501           3.168               0           3.168          1.8162             1.8               
         A         55        SER         0.20621          0.4611               0               0          1.2373               0          1.6735         0.32628          1.8348         0.22985          2.0647          1.1937            -0.8               
         A         56        THR          1.0982          1.0121          1.2777         0.98525          2.3979               0         0.74311         0.20667         0.61656         0.11988          1.1708         0.44721            -0.7               
         A         57        LYS         0.43357         0.83702               0               0          2.3892               0          1.3382          0.3861          1.6495           0.219          1.9352          0.9119            -3.9               
         A         58        LYS               0               0               0               0               0               0          1.2978          0.1363          1.5414               0          1.5414          1.1484            -3.9               
         A         59        LEU         0.31653          0.5488               0               0          1.3158               0         0.80567         0.18941          0.8518         0.19774          1.1708         0.59082             3.8               
         A         60        SER         0.24314         0.54368               0               0          1.4589               0         0.47485         0.10195         0.35056        0.048078         0.61548         0.30248            -0.8               
         A         61        GLU         0.44153         0.85204               0               0          2.4301               0          1.4021         0.50027           1.803         0.29275          2.2061         0.81215            -3.5               
         A         62        SER         0.24292         0.54318               0               0          1.4575               0          1.0228         0.25103          1.2609         0.13443          1.3954         0.68063            -0.8               
         A         63        LEU         0.80547          0.8491               0               0          2.2534               0         0.27231         0.12811         0.18919       0.0073649         0.57877         0.17739             3.8               
         A         64        LYS         0.71685         0.92568               0               0           2.256               0         0.57514        0.097357         0.73665               0         0.73665         0.44721            -3.9               
         A         65        ARG               0               0               0               0               0               0          2.0472          1.2861          2.7231           1.157          4.9542         0.78118            -4.5               
         A         66        ILE         0.84853         0.89958         0.37841         0.65542          2.4147               0         0.39852          0.1075         0.34354        0.086096         0.61548         0.23312             4.5               
         A         67        GLY          2.8586         0.55409               0               0          3.7873          2.4334         0.33544        0.047361               0               0         0.38932         0.27072            -0.4               
         A         68        ASP         0.18211         0.48182               0               0          1.4569               0         0.91214         0.17341         0.99693        0.072224           1.084         0.53233            -3.5               
         A         69        GLU         0.13747         0.38881               0               0          1.2372               0          1.0791         0.17794          1.2029         0.10127          1.3682         0.75124            -3.5               
         A         70        LEU         0.86241         0.90411          0.3808         0.65957          2.3884               0         0.25043         0.17375        0.086264        0.064006         0.46759        0.011638             3.8               
         A         71        ASP         0.18192         0.48133               0               0          1.4554               0         0.60983         0.21252           0.466         0.11281         0.98474         0.31068            -3.5               
         A         72        SER         0.22079          0.4937               0               0          1.3247               0          1.3322         0.26528          1.6447         0.13391          1.7786         0.96601            -0.8               
         A         73        ASN         0.44966         0.81406               0               0          2.2724               0         0.61313         0.13787         0.49612         0.05764         0.84423         0.41767            -3.5               
         A         74        MET               0               0               0               0               0               0          1.6166         0.51894          2.1268         0.12248          2.3079          1.0431             1.9               
         A         75        GLU         0.28409         0.53194               0               0          1.3254               0          1.4678         0.64817            1.92         0.52037          2.7214         0.69429            -3.5               
         A         76        LEU          3.2453         0.74873          3.9294         0.36542          4.2925          2.2532         0.23078         0.15952         0.10063        0.077278         0.53233        0.026589             3.8               
         A         77        GLN         0.30955         0.57991         0.26579         0.53159           1.457               0         0.57314          0.1783         0.53109         0.20946         0.81215         0.31897            -3.5               
         A         78        ARG               0               0               0               0               0               0          1.0529         0.19533          1.3954               0          1.3954         0.79653            -4.5               
         A         79        MET         0.80655         0.86873         0.37696         0.65292          2.3844               0         0.63365         0.16766         0.72552         0.17053          0.9119         0.43722             1.9               
         A         80        ILE          1.1085         0.91207         0.37984          0.6579          2.2453               0         0.22354         0.14631        0.095609        0.081609         0.39864        0.011638             4.5               
         A         81        ALA               0               0               0               0               0               0          1.0249          0.2481          1.2901               0          1.2901         0.62811             1.8               
         A         82        ALA               0               0               0               0               0               0          1.2259         0.14009          1.2408               0          1.4232          1.0233             1.8               
         A         83        VAL         0.18927         0.46362               0               0          1.3249               0          0.5369         0.21784         0.29493        0.026277         0.84423         0.26302             4.2               
         A         84        ASP         0.15367         0.40658               0               0          1.2294               0           1.565         0.72023          2.2133         0.41232          2.7214         0.72229            -3.5               
         A         85        THR         0.62963         0.72743         0.98368         0.69647          1.5189               0         0.60839         0.16637         0.43304        0.057853         0.82805         0.35323            -0.7               
         A         86        ASP               0               0               0               0               0               0          2.0347         0.71079          2.6809         0.37914           3.168          1.1265            -3.5               
         A         87        SER         0.64731         0.94986               0               0          2.3808               0          1.2417         0.34017           1.605               0           1.605         0.72229            -0.8               
         A         88        PRO         0.60698         0.70635               0               0          1.5419               0         0.60374         0.13697         0.66509         0.13746         0.84423         0.43722             1.6               
         A         89        ARG         0.32542         0.71725               0               0          2.2464               0          1.9943         0.93247          2.5739         0.66101          3.8465          0.9119            -4.5               
         A         90        GLU               0               0               0               0               0               0          1.1988         0.44073          1.5214         0.30789          1.9352         0.60306            -3.5               
         A         91        VAL         0.95868         0.88578         0.50205         0.71001          2.3741               0          0.2853         0.12399         0.22349        0.092531         0.54369         0.10263             4.2               
         A         92        PHE         0.85468          1.1755               0               0          3.0149               0         0.49996         0.13999         0.57056         0.12809         0.76608          0.3445             2.8               
         A         93        PHE         0.35938         0.78617               0               0          2.4269               0          1.2775           0.583          1.6426         0.40832          2.3079         0.60306             2.8               
         A         94        ARG         0.35794         0.78207               0               0           2.408               0           1.164         0.81537          1.5522         0.79034           2.789         0.38012            -4.5               
         A         95        VAL          3.3978          0.6158          3.9331         0.22136          4.1222          2.4259         0.12588        0.080154        0.055077        0.028689          0.2864        0.016573             4.2               
         A         96        ALA         0.78226          1.0025               0               0          2.4224               0         0.38345        0.099305         0.54369               0         0.54369         0.25541             1.8               
         A         97        ALA               0               0               0               0               0               0          0.7688         0.14911          1.0431               0          1.0431         0.62811             1.8               
         A         98        ASP         0.65607         0.89267               0               0          2.3905               0         0.57886         0.16633         0.69125         0.16735         0.89452         0.38932            -3.5               
         A         99        MET          3.7421         0.64298          4.1838         0.41527           4.605          2.4509         0.11168         0.11202       0.0045974       0.0049114         0.24789               0             1.9               
         A        100        PHE         0.35984         0.78793               0               0          2.4373               0         0.49346         0.29849         0.34311         0.13091           1.217         0.18408             2.8               
         A        101        SER         0.22246         0.49744               0               0          1.3348               0          1.2879         0.31271          1.0949        0.031582          1.8548         0.94764            -0.8               
         A        102        ASP         0.59578         0.81253         0.85839         0.92167          2.1914               0          1.4026         0.38588          1.1216          0.1958          2.1575         0.96601            -3.5               
         A        103        GLY               0               0               0               0               0               0          1.8751         0.17511               0               0          2.1104          1.7065            -0.4               
         A        104        ASN         0.61174         0.83304               0               0          2.2434               0          1.3971         0.33977          1.6295         0.25184          1.9771         0.87746            -3.5               
         A        105        PHE         0.13135         0.41538               0               0          1.4449               0          1.3996         0.44959          1.6258         0.41391          2.3079         0.89452             2.8               
         A        106        ASN         0.47354           0.612         0.30899         0.53518          1.3283               0         0.72657         0.14965         0.65567         0.14115         0.92961         0.49926            -3.5               
         A        107        TRP         0.19059         0.46825               0               0          1.4298               0           1.589         0.77883          1.9246         0.65984           3.253         0.48855            -0.9               
         A        108        GLY         0.30457         0.52754               0               0          1.2183               0         0.37864         0.17437               0               0         0.64093         0.19084            -0.4               
         A        109        ARG          2.4352           1.014           2.376          1.2562            3.66               0         0.25717          0.1118          0.2901         0.12392         0.48855         0.13878            -4.5               
         A        110        VAL         0.98169         0.89933         0.50228         0.71033           2.389               0         0.54879         0.22354         0.79908        0.068548         0.89452         0.31897             4.2               
         A        111        VAL         0.98511         0.90499         0.50301         0.71137          2.4134               0         0.21368        0.079055         0.21387        0.074407         0.33588         0.12042             4.2               
         A        112        ALA          1.9367           1.117               0               0          3.2607               0        0.059769        0.058061        0.016573               0         0.17077        0.016573             1.8               
         A        113        LEU          1.2341          1.1119          0.7638          0.7638          3.1748               0         0.23861        0.095364         0.30287         0.07663         0.41767        0.074214             3.8               
         A        114        PHE         0.61581         0.85235         0.19715         0.48292          2.4078               0         0.27741         0.11143         0.33642        0.093696         0.46759         0.11443             2.8               
         A        115        TYR          2.2031         0.84354          1.9496         0.89737          3.3232               0        0.058286        0.050768         0.04961        0.053837         0.15137               0            -1.3               
         A        116        PHE          1.0983         0.89798         0.95748         0.88797          2.4011               0        0.049449        0.044154        0.028203        0.032918         0.11443               0             2.8               
         A        117        ALA         0.53745         0.66192               0               0          1.4538               0         0.28422        0.058985         0.39864               0         0.39864         0.23312             1.8               
         A        118        SER          2.0706          1.1611          3.2781         0.15914          3.4372               0         0.21629        0.074122          0.1457        0.065917         0.32737         0.07978            -0.8               
         A        119        LYS          1.1064          1.0626         0.81368          1.0484          2.5489               0         0.19948        0.063107         0.16186        0.059118          0.2864         0.12647            -3.9               
         A        120        LEU         0.46941         0.83421               0               0          2.2512               0          0.2941         0.10938         0.22593        0.048367           0.478         0.17077             3.8               
         A        121        VAL         0.39533         0.63001         0.51034         0.72174           1.531               0         0.72473         0.12029         0.73525         0.12052         0.89452         0.53233             4.2               
         A        122        LEU         0.37052         0.64205          0.3801         0.65835          1.5204               0         0.67233         0.11794         0.59887         0.11732         0.82805         0.48855             3.8               
         A        123        LYS         0.76202         0.88679          0.5966         0.73069          2.3535               0         0.48809        0.098719         0.41674        0.064693         0.65395          0.3445            -3.9               
         A        124        ALA         0.78839          1.0061               0               0          2.4177               0         0.76879        0.099588         0.75124               0         0.87746         0.61548             1.8               
         A        125        LEU         0.62868         0.84808               0               0          2.2375               0          1.3822         0.22533          1.5874         0.12734          1.6718          1.1265             3.8               
         A        126        SER         0.20461         0.45751               0               0          1.2276               0          1.2052         0.17925          1.0838         0.20631          1.4517         0.87746            -0.8               
         A        127        THR         0.20729         0.50775               0               0           1.451               0         0.96764         0.16654         0.78431         0.07481          1.1265         0.69429            -0.7               
         A        128        LYS         0.26537         0.53073               0               0          1.3268               0          1.2901         0.10637          1.3155               0          1.4232          1.1265            -3.9               
         A        129        VAL         0.70432         0.86045               0               0          2.2502               0          1.5197         0.15089          1.6744        0.084048          1.7786          1.3155             4.2               
         A        130        PRO               0               0               0               0               0               0           1.591         0.15512          1.7351         0.11473          1.8162          1.3682             1.6               
         A        131        GLU               0               0               0               0               0               0          1.5426         0.14181          1.6591        0.051118          1.7421          1.3155            -3.5               
         A        132        LEU         0.31972         0.55418               0               0          1.3218               0          1.4017         0.18163          1.5374          0.1647          1.7065          1.1937             3.8               
         A        133        ILE         0.44881         0.81138               0               0          2.2602               0          1.5825          0.3272          1.8981         0.10477          2.0647          1.1937             4.5               
         A        134        ARG               0               0               0               0               0               0          1.2951         0.11109          1.5108               0          1.5108           1.217            -4.5               
         A        135        THR         0.17674         0.43293               0               0          1.2372               0          1.3944         0.16634          1.5582         0.13053          1.7421          1.2408            -0.7               
         A        136        ILE         0.92662         0.98828         0.38274         0.66292          2.3864               0          1.4411         0.16231          1.5907        0.068974          1.6718           1.217             4.5               
         A        137        MET         0.33764         0.58755               0               0          1.4638               0          1.5146         0.40426          1.8152         0.37391          2.4164           1.105             1.9               
         A        138        GLY               0               0               0               0               0               0          1.1623        0.076741               0               0          1.2408          1.0431            -0.4               
         A        139        TRP        0.094847         0.34197               0               0          1.3279               0          1.6674         0.47868          1.8994         0.35396          2.5322          0.9119            -0.9               
         A        140        THR         0.36591         0.57932               0               0          1.3367               0          1.0586          0.1791          1.2291        0.096912          1.3415         0.81215            -0.7               
         A        141        LEU         0.62245         0.84432               0               0          2.2321               0          1.0741         0.21482          1.2528         0.16385          1.4809         0.82805             3.8               
         A        142        ASP         0.15576          0.4121               0               0          1.2461               0          1.2395         0.22852          1.4281         0.16688           1.605         0.92961            -3.5               
         A        143        PHE         0.35789         0.78165               0               0          2.4045               0          1.4384         0.38817          1.6496         0.33712          2.1104          1.0233             2.8               
         A        144        LEU          1.3245          1.0999         0.37697         0.65294          2.7153               0         0.78051         0.09525         0.72556        0.075361         0.96601         0.64093             3.8               
         A        145        ARG         0.24484         0.52158               0               0          1.4588               0          1.6011         0.52301          1.9211         0.38058          2.3613         0.94764            -4.5               
         A        146        GLU         0.15941         0.45088               0               0          1.4347               0          1.6935         0.28542          1.8745         0.23743          2.2061          1.2652            -3.5               
         A        147        ARG         0.18975          0.4648               0               0          1.3283               0          1.5585         0.33788          1.8542         0.32843          2.2562          1.2408            -4.5               
         A        148        LEU         0.80076          0.8446         0.37862          0.6558          2.2452               0         0.94731         0.20254          1.0789         0.18345          1.3682         0.69429             3.8               
         A        149        LEU          0.6285          0.8497               0               0          2.2555               0           0.872         0.18583          1.0025         0.16293          1.2408         0.62811             3.8               
         A        150        GLY               0               0               0               0               0               0          1.2352         0.11877               0               0          1.3954          1.0633            -0.4               
         A        151        TRP         0.28145          0.7092               0               0          2.4103               0          1.2951         0.37501          1.3455         0.42969          2.1575         0.81215            -0.9               
         A        152        ILE           1.138          1.1818               0               0           2.725               0         0.78274         0.12793          0.6765        0.065755          1.0038         0.57877             4.5               
         A        153        GLN          0.1628         0.46048               0               0          1.4652               0           1.752         0.52882          2.1012         0.44293          2.7214         0.98474            -3.5               
         A        154        ASP         0.16616         0.43961               0               0          1.3292               0          1.9789         0.19064          2.1367        0.094262          2.2061          1.7065            -3.5               
         A        155        GLN         0.14781         0.41808               0               0          1.3303               0          1.2049         0.23179          1.1964         0.29763          1.6718         0.87746            -3.5               
         A        156        GLY               0               0               0               0               0               0          1.4057          0.1579               0               0           1.605           1.217            -0.4               
         A        157        GLY         0.30534         0.52886               0               0          1.2213               0         0.93186        0.066235               0               0          1.0233         0.86069            -0.4               
         A        158        TRP               0               0               0               0               0               0          1.4359         0.16216          1.4888           0.143          1.8162          1.1265            -0.9               
         A        159        ASP               0               0               0               0               0               0          2.1702         0.66713          2.7434         0.45957           3.434          1.4232            -3.5               
         A        160        GLY               0               0               0               0               0               0          1.1716         0.12045               0               0          1.3682          1.0633            -0.4               
         A        161        LEU               0               0               0               0               0               0          1.6838         0.35101          1.7179         0.22483          2.3079          1.1708             3.8               
         A        162        LEU               0               0               0               0               0               0          2.8263         0.42846          2.9805         0.21455          3.3416          1.8944             3.8               
         A        163        SER               0               0               0               0               0               0          2.8827         0.60571          2.3621        0.054228          4.0829          2.3079            -0.8               
         A        164        TYR               0               0               0               0               0               0           3.582         0.92732          3.7122           1.045          5.9466          2.3079            -1.3               
         B        144        PRO         0.55872         0.91419               0               0          2.3956               0          1.0313         0.44463          1.4423         0.25373          1.6379         0.39864             1.6               
         B        145        GLU          1.4316          1.3661         0.29872         0.59744          3.2426               0          0.4594         0.21566         0.57102         0.21872          0.9119         0.20461            -3.5               
         B        146        ILE         0.65361         0.90231               0               0          2.4637               0         0.76588         0.26411          1.0118         0.12672          1.1937         0.46759             4.5               
         B        147        TRP         0.72938         0.90529         0.89813         0.96656          2.4166               0         0.59668         0.21115         0.63117         0.21958         0.98474         0.31068            -0.9               
         B        148        ILE          2.2854          1.0045          1.7589          1.1492          3.3125               0         0.10827        0.083958        0.070426        0.049117         0.29439               0             4.5               
         B        149        ALA          3.4159         0.43998          3.5008               0          4.2186          2.9948         0.12512        0.035263         0.19084               0         0.19084        0.085404             1.8               
         B        150        GLN         0.43933         0.84962               0               0          2.4335               0         0.56715           0.162         0.70203        0.061471         0.79653         0.31897            -3.5               
         B        151        GLU         0.60624         0.88919         0.30555          0.6111          2.3963               0         0.35037         0.14583         0.42227         0.15325         0.66718         0.17077            -3.5               
         B        152        LEU          2.4915           1.215          1.6477          1.0371          4.3222               0        0.019739        0.026424               0               0        0.063253               0             3.8               
         B        153        ARG          1.4021          1.2121         0.61488         0.71186          3.4711               0         0.38904         0.25451         0.50027         0.24881         0.89452        0.074214            -4.5               
         B        154        ARG         0.48671         0.82657               0               0          2.3981               0          0.9408         0.31647          1.0922         0.28277          1.5728         0.44721            -4.5               
         B        155        ILE         0.52102         0.67626         0.37454         0.64872          1.4982               0         0.34296         0.11777         0.23888        0.051492         0.53233         0.17739             4.5               
         B        156        GLY         0.67152         0.67592               0               0          1.4519               0         0.42791         0.13586               0               0         0.61548         0.29439            -0.4               
         B        157        ASP         0.18175         0.48087               0               0           1.454               0         0.76054         0.38246         0.52176         0.13808          1.5108         0.38932            -3.5               
         B        158        GLU         0.14782         0.41809               0               0          1.3303               0          1.8666         0.29769          1.9461         0.17686          2.3079          1.2408            -3.5               
         B        159        PHE               0               0               0               0               0               0          1.5469         0.33798               0               0          2.0203          1.1708             2.8               
