pdb_id: 5F4J
analysis type: bound
radii_file: C:\Users\choi\Desktop\PSAIA_output\amac_data\chothia.radii
ASA_zSice: 0.25
ASA_rSolvent: 1.4
CX_sRadius: 10
CX_vAtom: 20.1
radii_file: C:\Users\choi\Desktop\PSAIA_output\amac_data\hydrophobicity.hpb

  chain id|    res id|  res name|    average DPX|      s_avg DPX|   s-ch avg DPX| s-ch s_avg DPX|        max DPX|        min DPX|     average CX|       s_avg CX|    s-ch avg CX|  s-ch s_avg CX|         max CX|         min CX| Hydrophobicity|               
         A        225        LYS         0.50061          0.6106         0.56137         0.63223          1.5944               0         0.52927         0.21629         0.52858         0.20765         0.94764         0.18408            -3.9               
         A        226        PRO         0.29575         0.47151         0.19393         0.38787           1.231               0         0.53634         0.35432          0.6826         0.29825          1.1708               0             1.6               
         A        227        PHE          3.2552          1.7263          3.8158          1.4244          5.3061               0               0               0               0               0               0               0             2.8               
         A        228        SER          0.9633          1.1576         0.37971          0.9301          3.0311               0               0               0               0               0               0               0            -0.8               
         A        229        LEU          2.5927          1.2161           3.014         0.94697          4.0999               0               0               0               0               0               0               0             3.8               
         A        230        PRO          1.7778          1.1647          1.6898          1.2873          3.6889               0               0               0               0               0               0               0             1.6               
         A        231        ILE         0.81129         0.80409         0.75653         0.81865          2.7024               0        0.085496         0.10811         0.10686         0.11231         0.35323               0             4.5               
         A        232        LEU          1.1956          1.0185          1.1216            1.02          2.5419               0        0.012545        0.026013         0.01589        0.028355         0.07978               0             3.8               
         A        233        THR          1.0094         0.86749         0.75886         0.85388          2.2497               0         0.01473        0.042843        0.020622         0.04948         0.16423               0            -0.7               
         A        234        ILE         0.70172          0.9315           0.252         0.56349          2.4804               0               0               0               0               0               0               0             4.5               
         A        235        SER          0.7768         0.84765         0.62219         0.87955          2.5453               0         0.20375         0.18294         0.26905          0.1899         0.55521               0            -0.8               
         A        236        GLU         0.59402         0.81118         0.54017         0.79879          2.4131               0          0.1743         0.18418         0.23434         0.18068         0.62811               0            -3.5               
         A        237        LEU          1.5211          1.1379          1.8292          1.0403          3.0647               0               0               0               0               0               0               0             3.8               
         A        238        THR          1.5253          1.2173          1.0347         0.91959          3.9312               0               0               0               0               0               0               0            -0.7               
         A        239        ASN          4.9116         0.97337          5.2486         0.91266          6.2536          3.1005               0               0               0               0               0               0            -3.5               
         A        240        SER          6.4664         0.52421          6.5441         0.56887          7.2241          5.4324               0               0               0               0               0               0            -0.8               
         A        241        ARG          3.7191          1.7377          3.2609          1.5352          6.2737               0               0               0               0               0               0               0            -4.5               
         A        242        PHE          3.2158          1.3085          3.1508          1.3783           4.802               0               0               0               0               0               0               0             2.8               
         A        243        PRO         0.81699         0.91402         0.84391          0.9414          2.2251               0               0               0               0               0               0               0             1.6               
         A        244        ALA          1.1476         0.88792         0.74974         0.80162          2.6334               0               0               0               0               0               0               0             1.8               
         A        245        PRO         0.78204         0.94235           0.291         0.44451          2.9752               0        0.042166        0.072419        0.059033        0.079666          0.2187               0             1.6               
         A        246        ILE          3.0676          1.1211          3.4756         0.72311          4.6746               0               0               0               0               0               0               0             4.5               
         A        247        ASP         0.78781         0.90096         0.65757         0.95559          2.7015               0        0.012535          0.0382        0.018803        0.045508         0.13878               0            -3.5               
         A        248        SER          0.9632          1.1568         0.37697         0.92338          3.0364               0               0               0               0               0               0               0            -0.8               
         A        249        LEU           1.692         0.99165          1.6026          1.0326          3.5084               0               0               0               0               0               0               0             3.8               
         A        250        PHE          2.5398          1.6004          2.1033          1.4776          4.9114               0               0               0               0               0               0               0             2.8               
         A        251        THR          2.2776          0.9314          2.0686          1.0104          3.6124               0               0               0               0               0               0               0            -0.7               
         A        252        ALA         0.97346          1.0351         0.75461          1.0747          2.4834               0               0               0               0               0               0               0             1.8               
         A        253        GLN         0.81085         0.77636         0.68533          0.9692           2.056               0        0.038538        0.091672        0.087672         0.12399         0.26302               0            -3.5               
         A        254        ASN         0.19999         0.38371        0.097001           0.291          0.9703               0        0.068424         0.15106         0.01162        0.024332         0.54369               0            -3.5               
         A        255        ASN         0.31993         0.55465               0               0          1.3273               0          0.8236         0.29899          0.8367         0.31587          1.1484         0.37104            -3.5               
         A        256        ASN         0.13065          0.3207               0               0         0.96981               0          1.4559          0.7488          1.7237         0.72644           2.932         0.59082            -3.5               
         A        257        LEU         0.38639         0.61707         0.36738         0.65141           2.043               0        0.073099        0.094059        0.062718        0.089853         0.31068               0             3.8               
         A        258        ASN         0.46981         0.83207        0.096932         0.29079          2.5888               0        0.063902        0.082163        0.080923        0.088826         0.27072               0            -3.5               
         A        259        VAL          2.3222         0.96399          2.2608          1.0835          3.6278               0               0               0               0               0               0               0             4.2               
         A        260        GLN          1.7522          1.0339          1.7073           1.125          3.0533               0               0               0               0               0               0               0            -3.5               
         A        261        CYS          2.2476         0.95431          1.9647          1.0552          3.6179               0               0               0               0               0               0               0             2.5               
         A        262        GLN          2.9084          1.2135          2.6369           1.248          4.4825               0               0               0               0               0               0               0            -3.5               
         A        263        ASN          4.9832         0.72017          5.0742         0.77486          6.1607          3.8387               0               0               0               0               0               0            -3.5               
         A        264        GLY          5.3505         0.60066          5.5655         0.48229          6.1752           4.241               0               0               0               0               0               0            -0.4               
         A        265        ARG          2.5262          1.2598          2.2127          1.1288          4.6624               0               0               0               0               0               0               0            -4.5               
         A        266        CYS          4.1417         0.72475          4.3476         0.55724          5.2759          2.4778               0               0               0               0               0               0             2.5               
         A        267        THR           2.129          1.3057          1.5446          1.0763          3.9436               0               0               0               0               0               0               0            -0.7               
         A        268        LEU          2.4805         0.95789          2.1787         0.75533          4.5034               0               0               0               0               0               0               0             3.8               
         A        269        ASP           1.151          1.1091         0.93108          1.0325          3.0651               0       0.0043761        0.014514       0.0065641        0.017367        0.052513               0            -3.5               
         A        270        GLY          1.0292          1.0088          1.4165          1.1012          2.6853               0               0               0               0               0               0               0            -0.4               
         A        271        GLU         0.83778         0.90411         0.49764          0.7051          2.8435               0         0.12539         0.16233         0.17099         0.16774         0.38012               0            -3.5               
         A        272        LEU          1.0382         0.91647          1.1557         0.94238           2.542               0               0               0               0               0               0               0             3.8               
         A        273        GLN         0.69587         0.69613         0.63822         0.73089          1.9478               0               0               0               0               0               0               0            -3.5               
         A        274        GLY          1.2544         0.95396          1.5744           1.129          2.5916               0               0               0               0               0               0               0            -0.4               
         A        275        THR          3.3102         0.78457           3.652         0.62352          4.1534          1.9516               0               0               0               0               0               0            -0.7               
         A        276        THR          2.2279          1.2536          2.7131          1.0835          4.1384               0               0               0               0               0               0               0            -0.7               
         A        277        GLN          1.3579          1.0767          1.1659          1.0955          3.0036               0               0               0               0               0               0               0            -3.5               
         A        278        LEU          1.1634          1.0292         0.96448          1.0227          2.5194               0        0.014704        0.037418        0.018625        0.041236         0.15776               0             3.8               
         A        279        LEU          1.2593           1.274         0.80506          1.0312          3.2992               0         0.13291         0.16257         0.16835         0.16586           0.478               0             3.8               
         A        280        PRO          1.2663         0.95913          0.8344         0.77274          2.7518               0       0.0022622       0.0081565       0.0031671       0.0095013        0.031671               0             1.6               
         A        281        SER         0.58919          0.8437         0.32508         0.79628          2.2756               0        0.068983         0.11782          0.1084         0.13244         0.31897               0            -0.8               
         A        282        GLY          2.9623         0.55915          2.7596         0.27198           3.942          2.2454               0               0               0               0               0               0            -0.4               
         A        283        ILE          4.5535         0.74635          4.6635         0.73751          6.0926          3.3163               0               0               0               0               0               0             4.5               
         A        284        CYS          4.5684         0.76971          4.7812         0.82173             6.1          3.5495               0               0               0               0               0               0             2.5               
         A        285        ALA          1.3556          1.0378          1.2722          1.0588          2.7573               0               0               0               0               0               0               0             1.8               
         A        286        PHE          1.8283          1.2531          2.0228          1.2832          3.9938               0               0               0               0               0               0               0             2.8               
         A        287        ARG         0.86879         0.86397         0.65404          0.7291           2.512               0        0.061686         0.10646        0.074023         0.11263         0.33588               0            -4.5               
         A        288        GLY         0.99869         0.95813           1.341          1.0132          2.4487               0               0               0               0               0               0               0            -0.4               
         A        289        ARG          1.3359         0.98827         0.68639          0.9707           2.488               0               0               0               0               0               0               0            -4.5               
         A        290        LEU          4.8939          1.0169          5.2378         0.81378          6.5694          3.0205               0               0               0               0               0               0             3.8               
         A        291        THR          1.1145          1.0245         0.93747         0.94504           2.923               0        0.016754        0.038795        0.012014        0.032348         0.11443               0            -0.7               
         A        292        ALA          1.0591          1.1709          0.4427          0.9899          3.0329               0       0.0063253        0.018976        0.010542        0.023573        0.063253               0             1.8               
         A        293        ASP         0.88082         0.87434         0.81539         0.94111          2.7176               0       0.0081401        0.020778       0.0029335       0.0070666        0.074214               0            -3.5               
         A        294        VAL          1.4511           1.007          1.3164          1.0845          2.8281               0        0.016211        0.026802        0.014578        0.027529        0.085404               0             4.2               
         A        295        ASP         0.74188         0.82701         0.60551         0.84802          2.2846               0         0.26209         0.17042         0.24066         0.14494         0.57877        0.052513            -3.5               
         A        296        GLY         0.26156         0.41458               0               0         0.96982               0         0.83336         0.25093         0.74652         0.19736          1.3415         0.46759            -0.4               
         A        297        SER         0.47443         0.67219         0.41679         0.70883          1.9472               0         0.64117         0.21889         0.69468         0.25302         0.98474         0.27851            -0.8               
         A        298        HIS          0.6128         0.77771         0.70656         0.81607          2.0601               0         0.12855        0.098795         0.13871         0.10126         0.32737               0            -3.2               
         A        299        ASP          0.1833         0.41324               0               0          1.2289               0         0.22434         0.29594         0.32385         0.31802         0.87746               0            -3.5               
         A        300        ASP          1.5568          1.1115         0.97762         0.83173          3.3306               0               0               0               0               0               0               0            -3.5               
         A        301        ARG          1.5546          1.2832          1.2152          1.0959          4.2578               0        0.034162        0.072914        0.040995          0.0781         0.27851               0            -4.5               
         A        302        TRP          3.4086           1.332          3.1817          1.3165          5.6133               0               0               0               0               0               0               0            -0.9               
         A        303        HIS          1.5227          1.4636          1.0124          1.2747          3.9726               0               0               0               0               0               0               0            -3.2               
         A        304        MET           4.183         0.77001           4.281         0.83132          5.7333           3.032               0               0               0               0               0               0             1.9               
         A        305        GLN           0.833         0.98131         0.63966         0.90103          2.5655               0        0.066602         0.13765        0.087095         0.15163         0.46759               0            -3.5               
         A        306        LEU          2.1256         0.96703          2.2983         0.89091          3.5919               0               0               0               0               0               0               0             3.8               
         A        307        THR          1.0942          1.0487         0.94227          1.0433          2.5232               0               0               0               0               0               0               0            -0.7               
         A        308        ASN         0.93776          1.0669         0.51774         0.87387          3.0297               0       0.0018992       0.0068477       0.0026589       0.0079766        0.026589               0            -3.5               
         A        309        LEU          1.1487         0.92789          1.1837         0.97443          2.5674               0               0               0               0               0               0               0             3.8               
         A        310        ASN         0.54297         0.69726          0.4542         0.75356          2.2447               0         0.30002         0.15818         0.31161         0.13754         0.54369               0            -3.5               
         A        311        GLY         0.73412         0.91623         0.72652          1.0275          2.1796               0         0.20927         0.11963         0.12062         0.11992         0.35323       0.0067513            -0.4               
         A        312        THR         0.76896         0.89132         0.37664         0.63674           2.648               0         0.55312         0.27811         0.65472         0.24499         0.98474        0.047224            -0.7               
         A        313        PRO         0.50943         0.63981         0.29095         0.44444          2.0213               0         0.59688          0.3541         0.74615         0.30525          1.1265        0.074214             1.6               
         A        314        PHE          1.1169         0.87249           1.142         0.90646          2.3161               0       0.0013294       0.0057949               0               0        0.026589               0             2.8               
         A        315        ASP           0.625           0.873         0.12121         0.32069          2.6385               0         0.26122         0.26481         0.37827         0.25152         0.73665               0            -3.5               
         A        316        PRO         0.74648         0.83789         0.51217         0.71374           2.213               0         0.12189         0.12542         0.15128         0.13596         0.38012               0             1.6               
         A        317        THR         0.52348         0.76619         0.31333         0.68106           2.163               0         0.81768         0.38043         0.96069         0.34999          1.6379         0.23312            -0.7               
         A        318        GLU           1.396         0.99123         0.81666          1.1549            2.45               0         0.22483         0.12456         0.27193         0.13651         0.45733        0.047224            -3.5               
         A        319        ASP         0.25492         0.44833               0               0          1.2301               0         0.60052         0.40747         0.80339         0.34228          1.5108        0.057855            -3.5               
         A        320        VAL          1.1484          1.0174         0.85451         0.92066          3.0883               0               0               0               0               0               0               0             4.2               
         A        321        PRO          2.6258          1.1825          2.3772          1.2116          4.3454               0               0               0               0               0               0               0             1.6               
         A        322        ALA          4.1333         0.80897          4.5721         0.46879          5.1447          2.6989               0               0               0               0               0               0             1.8               
         A        323        PRO          1.8604          1.0214          1.8805          1.1654          3.5734               0               0               0               0               0               0               0             1.6               
         A        324        LEU         0.67041         0.80096         0.57842         0.79874           2.596               0               0               0               0               0               0               0             3.8               
         A        325        GLY          2.3836         0.52051          2.7981         0.28469          3.1438          1.3341               0               0               0               0               0               0            -0.4               
         A        326        THR          2.4713           1.242          2.7837          1.1565          4.1171               0               0               0               0               0               0               0            -0.7               
         A        327        PRO          5.1614         0.91196          5.2921         0.93571          6.6052          3.5972               0               0               0               0               0               0             1.6               
         A        328        ASP          4.3166         0.87489          4.3188         0.97911          5.8781          2.7872               0               0               0               0               0               0            -3.5               
         A        329        PHE           4.206         0.69177          4.3868         0.41029          5.2546          2.4634               0               0               0               0               0               0             2.8               
         A        330        THR          1.2294         0.95547         0.95078         0.91674          2.7846               0               0               0               0               0               0               0            -0.7               
         A        331        GLY          1.1212         0.87017         0.52412         0.74122          2.4016               0               0               0               0               0               0               0            -0.4               
         A        332        LEU          2.0514          1.4666          1.5422          1.1028           5.342               0               0               0               0               0               0               0             3.8               
         A        333        LEU          5.7011         0.90524          6.0075         0.72703          6.9472          3.8596               0               0               0               0               0               0             3.8               
         A        334        PHE          2.0894          1.5149          1.6901          1.4163          4.5539               0               0               0               0               0               0               0             2.8               
         A        335        GLY          3.6143         0.51913           3.823          0.5639          4.2538          2.9474               0               0               0               0               0               0            -0.4               
         A        336        VAL          1.0718          1.1845         0.58146         0.93639          2.9461               0       0.0053377        0.020673        0.007117        0.023604        0.085404               0             4.2               
         A        337        ALA          4.0738         0.97398          4.6404         0.86069            5.51          2.8974               0               0               0               0               0               0             1.8               
         A        338        SER          1.2475          1.1755         0.68187          1.0932          2.7252               0               0               0               0               0               0               0            -0.8               
         A        339        GLN          2.4947          1.5034          3.0336           1.229          4.7133               0               0               0               0               0               0               0            -3.5               
         A        340        ARG         0.57478         0.90356         0.29038         0.62909          2.6378               0          0.1967         0.24988         0.23604         0.25621         0.78118               0            -4.5               
         A        341        ASN          1.8337           1.144          1.9161          1.1463          3.2126               0       0.0041325          0.0149               0               0        0.057855               0            -3.5               
         A        342        VAL         0.47659          0.7818         0.28511         0.70549          2.4507               0         0.31101         0.21429         0.35776         0.22064         0.69429               0             4.2               
         A        343        GLY          0.2615          0.4145               0               0         0.97005               0         0.83418         0.18981         0.90788         0.21634          1.1708         0.53233            -0.4               
         A        344        SER         0.13858         0.33946               0               0         0.97007               0          1.0734          0.3593          1.3589         0.25432          1.7065         0.48855            -0.8               
         A        345        ASN         0.78657          1.0014               0               0           2.399               0         0.54619         0.22734          0.5669               0         0.87746         0.22587            -3.5               
         A        346        PRO         0.86009         0.83594         0.67116         0.75645          2.1987               0         0.69116         0.25946         0.80122         0.22382          1.0633         0.29439             1.6               
         A        347        ASN         0.38509         0.65869         0.30029         0.64596          2.0333               0         0.48913         0.26673         0.58453          0.2575         0.94764         0.15776            -3.5               
         A        348        THR          1.0452          1.0362         0.73774         0.96699          3.0008               0         0.17796         0.15268         0.22564         0.15258           0.478               0            -0.7               
         A        349        THR         0.70802         0.79856         0.58419         0.79737           2.323               0          0.1389         0.13684         0.18553         0.13566         0.43722               0            -0.7               
         A        350        ARG          1.5041          1.1045          1.5946          1.1456          3.3117               0               0               0               0               0               0               0            -4.5               
         A        351        ALA         0.44262         0.72631         0.34071         0.76185          2.0443               0         0.01504         0.02971        0.013615        0.029598         0.07978               0             1.8               
         A        352        HIS          1.3793         0.96145          1.2582         0.99592          3.0894               0        0.010458        0.038541        0.013676        0.043571         0.16423               0            -3.2               
         A        353        GLU         0.85057           1.069         0.39783         0.74328          3.0425               0        0.067046         0.12877        0.091426         0.14277         0.44721               0            -3.5               
         A        354        ALA          3.7825         0.81788          4.1001         0.88447           5.486          2.8994               0               0               0               0               0               0             1.8               
         A        355        VAL          1.3603          1.1091         0.96129         0.98565          2.9369               0               0               0               0               0               0               0             4.2               
         A        356        ILE          4.0852           1.394          4.4901          1.2812          6.5757          1.9481               0               0               0               0               0               0             4.5               
         A        357        SER          1.4422          1.0612          1.0578         0.99749          2.8557               0               0               0               0               0               0               0            -0.8               
         A        358        THR          3.5072         0.84279          3.6226          0.8417          5.0892          2.1297               0               0               0               0               0               0            -0.7               
         A        359        THR         0.73677         0.84243         0.60978         0.85487          2.5792               0               0               0               0               0               0               0            -0.7               
         A        360        SER         0.84787         0.88436         0.73255         0.94931          2.5688               0               0               0               0               0               0               0            -0.8               
         A        361        SER         0.51455         0.72911         0.29219         0.71572          2.0453               0        0.024194        0.032357        0.038019        0.033461        0.096829               0            -0.8               
         A        362        GLN          1.6536         0.95197          1.5722          1.0218          2.9972               0       0.0043655        0.017462       0.0057088        0.019776        0.074214               0            -3.5               
         A        363        PHE          2.9605          1.3249          3.0772          1.4525          5.0911               0               0               0               0               0               0               0             2.8               
         A        364        VAL          1.7701          1.1102          1.4073          1.0361          3.5092               0               0               0               0               0               0               0             4.2               
         A        365        PRO          4.2995         0.55831          4.2764         0.64194          5.3208           2.988               0               0               0               0               0               0             1.6               
         A        366        LYS          1.7418           1.256          1.4678          1.1916          4.2593               0               0               0               0               0               0               0            -3.9               
         A        367        LEU         0.52109          0.8259          0.4619         0.81525          2.4038               0        0.031553        0.065286        0.039968        0.071152         0.22587               0             3.8               
         A        368        GLY          1.4824         0.76534          1.1726         0.84368          2.5254               0               0               0               0               0               0               0            -0.4               
         A        369        SER          1.7743          1.1179          1.2613           1.071          3.1401               0               0               0               0               0               0               0            -0.8               
         A        370        VAL          4.6034         0.62872          4.5962         0.65175          5.7534          3.6128               0               0               0               0               0               0             4.2               
         A        371        ASN          4.2808         0.71567          4.0762         0.65984          5.6487          3.2334               0               0               0               0               0               0            -3.5               
         A        372        PHE           5.008          1.3542          5.3364          1.3087          7.5453          3.1328               0               0               0               0               0               0             2.8               
         A        373        GLY           1.146         0.82519          1.2709         0.93648           2.229               0               0               0               0               0               0               0            -0.4               
         A        374        SER          1.1881          1.1651          1.7285          1.1087           2.637               0               0               0               0               0               0               0            -0.8               
         A        375        THR          0.2601         0.41251         0.18109         0.36334         0.97012               0         0.39442         0.24064         0.47017         0.23087         0.82805               0            -0.7               
         A        376        SER         0.80389         0.70939         0.75218         0.80502          1.9531               0        0.052796        0.074796        0.062213        0.089325         0.24046               0            -0.8               
         A        377        THR         0.52702         0.78817         0.33195         0.73198          2.3491               0         0.29046         0.26482         0.39199         0.24781         0.87746               0            -0.7               
         A        378        ASP         0.88701         0.98853         0.38168         0.71732           2.678               0        0.086211        0.091689         0.12932        0.083881         0.27851               0            -3.5               
         A        379        PHE          2.9631          1.7078           3.555          1.3386          5.4723               0               0               0               0               0               0               0             2.8               
         A        380        GLN         0.75027         0.91805         0.42114         0.67306          3.0338               0       0.0074735        0.018079       0.0097731        0.020123        0.063253               0            -3.5               
         A        381        LEU         0.98475         0.98248         0.97713          1.0436          2.7076               0       0.0048503        0.019046       0.0061437         0.02125        0.085404               0             3.8               
         A        382        GLN         0.41253         0.70108         0.31145         0.62449          2.1096               0         0.18424         0.17433         0.24094         0.16151         0.65395               0            -3.5               
         A        383        GLN           2.174          1.0647           2.123          1.1658          3.7065               0      0.00068462       0.0027385      0.00089527       0.0031013        0.011638               0            -3.5               
         A        384        PRO         0.62449         0.68149          0.4514         0.57945          2.0266               0               0               0               0               0               0               0             1.6               
         A        385        THR          3.3537          1.0978          3.6381          1.0513          5.3517          1.3281               0               0               0               0               0               0            -0.7               
         A        386        LYS          1.1563          1.1094         0.84309         0.96819          3.0449               0       0.0033734        0.015459        0.004123           0.017        0.074214               0            -3.9               
         A        387        PHE          4.5373          1.3266          4.9332          1.1556          6.4775          2.0675               0               0               0               0               0               0             2.8               
         A        388        THR         0.79437          1.0159         0.33899         0.75149          2.7059               0       0.0018992       0.0068477       0.0026589       0.0079766        0.026589               0            -0.7               
         A        389        PRO          1.5021          0.9912          1.5372          1.0161          3.1458               0               0               0               0               0               0               0             1.6               
         A        390        VAL         0.71314          0.9008         0.60158         0.92894           2.717               0               0               0               0               0               0               0             4.2               
         A        391        GLY          3.1329         0.76753          2.7949         0.18377          4.3882          2.2398               0               0               0               0               0               0            -0.4               
         A        392        ILE          2.7754          1.3714          2.5353          1.4091          4.6873               0               0               0               0               0               0               0             4.5               
         A        393        LYS          2.1834          1.4533          1.8804          1.4279           4.253               0       0.0021465       0.0098367       0.0026235        0.010817        0.047224               0            -3.9               
         A        394        ILE           1.294          1.0905           1.205          1.0661          2.8891               0       0.0014848       0.0044024       0.0018808        0.004879        0.016573               0             4.5               
         A        395        GLU         0.67588          0.8083          0.5392         0.79656          2.4018               0         0.15583         0.12353         0.14112         0.11832         0.35323               0            -3.5               
         A        396        SER         0.19988         0.42758               0               0          1.2287               0          1.3003         0.53042          1.5341         0.52338          2.2061         0.60306            -0.8               
         A        397        GLY         0.43665         0.51419               0               0          1.2271               0         0.95888         0.32619           1.241        0.019676          1.2652         0.43722            -0.4               
         A        398        HIS         0.86504         0.93838          0.7154         0.98218          2.5701               0        0.079484         0.10708        0.076429         0.10217         0.30248               0            -3.2               
         A        399        GLU         0.17595         0.43098               0               0          1.2316               0        0.074617         0.10092         0.14937         0.11228         0.27072               0            -3.5               
         A        400        PHE          1.4166            1.07          1.5173          1.1204          3.5572               0               0               0               0               0               0               0             2.8               
         A        401        ASP         0.92923          1.0471         0.45595         0.89786          2.6782               0        0.060118        0.086567        0.090177        0.092358         0.26302               0            -3.5               
         A        402        GLN          1.6007         0.96526          1.5023          1.0251           3.005               0               0               0               0               0               0               0            -3.5               
         A        403        TRP          1.3618          1.1018          1.4244          1.1539          3.3052               0               0               0               0               0               0               0            -0.9               
         A        404        ALA          1.0088          1.0947         0.40142          0.8976          2.7611               0               0               0               0               0               0               0             1.8               
         A        405        LEU         0.88978         0.78815         0.85657         0.80466          2.6263               0               0               0               0               0               0               0             3.8               
         A        406        PRO          2.4541          1.0397            2.74          1.0713          3.8177               0               0               0               0               0               0               0             1.6               
         A        407        ARG         0.70926         0.96434         0.43804         0.74751          2.7396               0        0.027089        0.069941        0.032506        0.075459         0.27851               0            -4.5               
         A        408        TYR          3.9573         0.81738          4.0089         0.88443           5.789           2.387               0               0               0               0               0               0            -1.3               
         A        409        SER         0.87779          1.0145         0.63329          1.0053            2.46               0               0               0               0               0               0               0            -0.8               
         A        410        GLY          1.4076          1.0141         0.73342          1.0372          2.7418               0               0               0               0               0               0               0            -0.4               
         A        411        HIS         0.42365         0.51994         0.31828         0.49037          1.3773               0         0.12884         0.12208         0.12651         0.12571         0.40809               0            -3.2               
         A        412        LEU         0.19841         0.38484         0.12933         0.32973         0.97014               0           1.136         0.52423          1.2769         0.49657          2.1575         0.37104             3.8               
         A        413        THR         0.77887         0.86611         0.73687         0.96583          2.4696               0         0.14799         0.10862         0.12214         0.10965          0.3445               0            -0.7               
         A        414        LEU         0.26312         0.44477         0.12927         0.32959          1.2304               0         0.71628         0.53887         0.87233         0.49848          1.7065       0.0019112             3.8               
         A        415        ASN         0.65704         0.72935         0.61356         0.80781           2.251               0       0.0065062        0.023458               0               0        0.091087               0            -3.5               
         A        416        MET         0.48854         0.87367               0               0          2.3891               0         0.16074         0.21322         0.32148         0.19811         0.64093               0             1.9               
         A        417        ASN         0.56894         0.60231         0.61354         0.64545          1.5904               0        0.083084         0.12837         0.11315         0.14082         0.48855               0            -3.5               
         A        418        LEU         0.96175         0.94865          1.0598         0.99288          2.6945               0               0               0               0               0               0               0             3.8               
         A        419        ALA          1.8704         0.83216          1.9264         0.90602          2.8385               0               0               0               0               0               0               0             1.8               
         A        420        PRO         0.90354         0.95462         0.45142         0.57958          3.0887               0        0.022665        0.058663        0.031731        0.067307         0.22587               0             1.6               
         A        421        PRO         0.89621         0.90253         0.72173         0.86746          2.7161               0         0.10346         0.12707         0.14484         0.12888         0.38932               0             1.6               
         A        422        ILE          1.8511          1.0586          2.0648          1.0325          3.6822               0               0               0               0               0               0               0             4.5               
         A        423        ALA         0.30565         0.47439               0               0          1.2265               0               0               0               0               0               0               0             1.8               
         A        424        PRO         0.85933          0.8354         0.67018         0.75511          2.1972               0       0.0026288       0.0094784               0               0        0.036804               0             1.6               
         A        425        ASN         0.26135         0.41425               0               0         0.96896               0         0.19088         0.15171          0.1583          0.1269         0.45733               0            -3.5               
         A        426        PHE         0.29192         0.52292         0.30428         0.54493          1.5867               0        0.059552        0.070691        0.066074        0.075926          0.2187               0             2.8               
         A        427        PRO         0.36499         0.49359         0.29101         0.44453          1.2293               0         0.75722         0.45091         0.96024          0.3595          1.5414        0.036804             1.6               
         A        428        GLY          0.3147         0.50253               0               0          1.2331               0        0.058523        0.078258        0.090293        0.087798         0.21161               0            -0.4               
         A        429        GLU          1.4329          0.8962          1.2812         0.93421          2.8097               0               0               0               0               0               0               0            -3.5               
         A        430        GLN          1.3851         0.94816          1.1996         0.93056          3.0316               0               0               0               0               0               0               0            -3.5               
         A        431        LEU           1.995          1.0882          1.9279          1.1195          3.5369               0               0               0               0               0               0               0             3.8               
         A        432        LEU          4.9712         0.72277          5.1502          0.7024          6.4394          3.9425               0               0               0               0               0               0             3.8               
         A        433        PHE           2.212          1.5368          1.7317          1.2943          4.9058               0               0               0               0               0               0               0             2.8               
         A        434        PHE          2.8393          1.4954          2.4345          1.3632          5.3836               0               0               0               0               0               0               0             2.8               
         A        435        ARG          2.0151          1.5559          1.6014          1.3565          4.7111               0               0               0               0               0               0               0            -4.5               
         A        436        SER          3.2802         0.78173          3.5731         0.70563          4.2912          1.9441               0               0               0               0               0               0            -0.8               
         A        437        ASN         0.40493         0.68157         0.20544         0.61633          2.0544               0       0.0040577       0.0084107       0.0056808       0.0094772        0.026589               0            -3.5               
         A        438        VAL          1.7874          1.2463          2.2306          1.1021          3.6394               0               0               0               0               0               0               0             4.2               
         A        439        PRO         0.83518         0.87432         0.45132         0.57938          2.9271               0         0.01683        0.041979        0.023561        0.048047         0.13878               0             1.6               
         A        440        CYS         0.60012         0.71821         0.60251         0.75908          2.0481               0       0.0047739        0.015096               0               0        0.052513               0             2.5               
         A        441        ALA         0.68066          0.7305         0.75101         0.80354           1.948               0       0.0065015        0.011584       0.0019397       0.0043374        0.036804               0             1.8               
         A        442        GLY          0.1764         0.43209               0               0          1.2348               0         0.17125         0.11383         0.22724         0.11321          0.3445               0            -0.4               
         A        443        GLY               0               0               0               0               0               0          0.3811         0.12968         0.39972         0.19387         0.60306         0.13878            -0.4               
         A        444        VAL         0.25163           0.441        0.080791         0.26795          1.2263               0          1.2907         0.62414          1.5429         0.50943          2.3613         0.39864             4.2               
         A        445        SER         0.39913         0.55578         0.36573         0.60151          1.5898               0         0.11494         0.12675        0.076121         0.13077         0.36208               0            -0.8               
         A        446        ASP         0.26473         0.46282         0.12127         0.32086          1.2368               0         0.20538         0.17498          0.2718         0.17336         0.64093               0            -3.5               
         A        447        GLY          1.0401          0.7655         0.52367         0.74058          1.9509               0               0               0               0               0               0               0            -0.4               
         A        448        VAL         0.99789         0.79374          0.9914         0.81897          2.6307               0               0               0               0               0               0               0             4.2               
         A        449        ILE          2.5373          1.0314          2.2909         0.87126          4.8889               0               0               0               0               0               0               0             4.5               
         A        450        ASP          3.0841         0.75234          3.0475         0.75899          4.7469          1.9836               0               0               0               0               0               0            -3.5               
         A        451        CYS          4.9717         0.70263           4.964         0.65517          5.9572          3.6415               0               0               0               0               0               0             2.5               
         A        452        LEU          3.9421         0.60997          3.9956         0.55481          4.9178          3.0069               0               0               0               0               0               0             3.8               
         A        453        LEU          2.2429          1.1801          1.8832         0.98861          4.5937               0               0               0               0               0               0               0             3.8               
         A        454        PRO          4.6425         0.61905          4.4108         0.56288          5.6838          3.4024               0               0               0               0               0               0             1.6               
         A        455        GLN           4.153         0.81544          4.3399         0.68306          5.8982          2.6494               0               0               0               0               0               0            -3.5               
         A        456        GLU         0.92077          0.8734         0.87282         0.91921          2.6165               0               0               0               0               0               0               0            -3.5               
         A        457        TRP          2.6682          1.2789          2.6266           1.382          4.7425               0               0               0               0               0               0               0            -0.9               
         A        458        ILE          4.8938         0.66588           5.111         0.54801          6.0629          3.5638               0               0               0               0               0               0             4.5               
         A        459        GLN          1.0755          1.1195         0.63723         0.89596          2.6608               0               0               0               0               0               0               0            -3.5               
         A        460        HIS          1.4033         0.94693          1.2574         0.99376          3.0884               0               0               0               0               0               0               0            -3.2               
         A        461        PHE          4.3871          0.9387          4.6932         0.73882          5.6782          2.6528               0               0               0               0               0               0             2.8               
         A        462        TYR          0.9383         0.99997         0.91252          1.0546          2.8234               0         0.11705         0.21754          0.1446         0.23341         0.82805               0            -1.3               
         A        463        GLN         0.49691         0.74587         0.32623         0.66754          2.3011               0         0.23315         0.21581          0.2745         0.22503         0.75124               0            -3.5               
         A        464        GLU          1.6569           1.096          1.3427           1.116          2.8203               0        0.028954         0.05133        0.037066        0.057428         0.17077               0            -3.5               
         A        465        SER         0.90694          1.0598         0.67756          1.0847          2.6895               0        0.030277        0.047079        0.037763        0.053133         0.14504               0            -0.8               
         A        466        ALA          2.9731          0.5361          3.2286         0.53766          4.1677          2.2468               0               0               0               0               0               0             1.8               
         A        467        PRO         0.62371         0.68071         0.45132         0.57946          2.0246               0         0.23687         0.19142         0.32742         0.14989         0.59082               0             1.6               
         A        468        SER           1.247         0.93175          1.3802          1.0141          2.6492               0       0.0072527        0.022935               0               0         0.07978               0            -0.8               
         A        469        GLN         0.77767         0.98745         0.82443          1.1659          2.4733               0         0.12785         0.11759         0.12277         0.10121          0.3445               0            -3.5               
         A        470        SER          1.0185         0.90238         0.73231         0.91444          2.2988               0        0.035706        0.050827        0.050851        0.057303         0.14504               0            -0.8               
         A        471        ASP           0.911          1.0253         0.42647         0.82534          2.5039               0        0.067016         0.13213         0.10052         0.15106         0.44721               0            -3.5               
         A        472        VAL          2.0674          1.1993          1.7128          1.1378          3.8355               0               0               0               0               0               0               0             4.2               
         A        473        ALA          5.4049         0.68207            5.32         0.67623          6.4691          4.3332               0               0               0               0               0               0             1.8               
         A        474        LEU          2.5037          1.5562          2.0256           1.398          4.7834               0               0               0               0               0               0               0             3.8               
         A        475        ILE          4.8368         0.65023          4.8252         0.67804          5.9935          3.6734               0               0               0               0               0               0             4.5               
         A        476        ARG          1.6559          1.7601          1.1275          1.4213          4.7161               0         0.01466        0.040295        0.017593        0.043552         0.14504               0            -4.5               
         A        477        TYR          2.8228          1.4398          2.4546          1.3429           4.878               0               0               0               0               0               0               0            -1.3               
         A        478        VAL          1.4714          1.0821          1.0876         0.95253          3.3064               0               0               0               0               0               0               0             4.2               
         A        479        ASN           2.058         0.98699          1.7639          1.0283          2.9563               0       0.0054375        0.019081       0.0076125        0.022208        0.074214               0            -3.5               
         A        480        PRO          0.6242          0.6811         0.45132         0.57943          2.0245               0        0.077611         0.13929        0.033912        0.073529           0.478               0             1.6               
         A        481        ASP         0.62373         0.82072         0.41133         0.78841          2.3206               0         0.58899         0.24466         0.60517         0.23541         0.92961         0.13878            -3.5               
         A        482        THR          0.5085         0.77631         0.41488          0.7345          2.3387               0          0.4884         0.18811         0.46555         0.20295         0.79653          0.2187            -0.7               
         A        483        GLY         0.12284          0.3009         0.28663         0.40536          0.8599               0         0.25669          0.1091         0.28208         0.13865           0.478         0.14504            -0.4               
         A        484        ARG         0.53151         0.84448         0.27378         0.57868          3.0321               0         0.80854         0.70532         0.95543         0.68294          2.4733               0            -4.5               
         A        485        THR         0.72712         0.83987          0.6123         0.86077          2.6049               0        0.018644        0.038412        0.021188        0.043359         0.12647               0            -0.7               
         A        486        LEU          0.9311         0.90681          0.9816         0.92064          2.6895               0               0               0               0               0               0               0             3.8               
         A        487        PHE          1.7018          1.1141           1.666          1.1791          3.6946               0               0               0               0               0               0               0             2.8               
         A        488        GLU          1.4118          1.2019         0.88778         0.90786          3.4302               0               0               0               0               0               0               0            -3.5               
         A        489        ALA          5.4671         0.96701          5.6386          1.0612          6.6714          3.8677               0               0               0               0               0               0             1.8               
         A        490        LYS          3.3688          1.9419          2.8647          1.7871          5.9988               0               0               0               0               0               0               0            -3.9               
         A        491        LEU          4.2606         0.99503           4.073         0.96575          5.8062          2.6859               0               0               0               0               0               0             3.8               
         A        492        HIS          1.7322          1.0424          1.5511          1.0905          3.3742               0               0               0               0               0               0               0            -3.2               
         A        493        ARG         0.61506         0.86889         0.37541           0.701          2.4848               0        0.068733         0.11987         0.08248         0.12692         0.40809               0            -4.5               
         A        494        THR         0.86978         0.89351         0.59123         0.81353          2.4837               0               0               0               0               0               0               0            -0.7               
         A        495        GLY         0.90025         0.93286               0               0          2.4422               0               0               0               0               0               0               0            -0.4               
         A        496        TYR          2.7711          1.5861          2.5166           1.624          5.2287               0               0               0               0               0               0               0            -1.3               
         A        497        ILE               5          1.1928          4.8274          1.2629          6.9677          2.3822               0               0               0               0               0               0             4.5               
         A        498        THR          4.4471          1.1022          3.8985         0.78174          6.0616          2.7681               0               0               0               0               0               0            -0.7               
         A        499        VAL          4.5972          0.8856          4.7336         0.90371          6.2572          3.2497               0               0               0               0               0               0             4.2               
         A        500        ALA           1.581          0.9461          1.2572          1.0375          2.6583               0               0               0               0               0               0               0             1.8               
         A        501        HIS         0.84666         0.88727          1.0129          0.9085          2.4259               0       0.0050238        0.020095       0.0065695        0.022757        0.085404               0            -3.2               
         A        502        SER         0.27818         0.46147               0               0          1.2306               0         0.26151         0.23081         0.34313         0.24562         0.70818               0            -0.8               
         A        503        GLY         0.95241          1.0331               0               0          2.8881               0         0.17029         0.13275         0.25548         0.13212         0.35323               0            -0.4               
         A        504        ASP         0.61905         0.82837         0.42115         0.81227          2.3992               0          0.1743         0.13302         0.21983         0.13851           0.478               0            -3.5               
         A        505        TYR         0.86242          1.0151         0.58523         0.85406          3.1508               0        0.046232         0.09157         0.05711        0.098675         0.38012               0            -1.3               
         A        506        PRO          0.7471          0.8391         0.51224         0.71399          2.2141               0        0.061508        0.080162        0.086111        0.082932          0.2864               0             1.6               
         A        507        LEU          1.4839         0.95828          1.5115         0.97536          3.0295               0               0               0               0               0               0               0             3.8               
         A        508        VAL         0.46701         0.75804         0.27236         0.66667          2.2985               0         0.46223         0.36822         0.59651         0.32852          1.1937               0             4.2               
         A        509        VAL         0.70764         0.79865         0.79103          0.8674          2.3228               0      0.00011945      0.00046262               0               0       0.0019112               0             4.2               
         A        510        PRO         0.83937          0.8551         0.61085         0.64853          2.7261               0        0.026918        0.065465        0.034004        0.075648         0.24789               0             1.6               
         A        511        SER         0.16642         0.35381               0               0          0.9706               0         0.35142         0.25957         0.49134         0.22203         0.70818               0            -0.8               
         A        512        ASN         0.62114         0.83603         0.22018         0.44422          2.6237               0        0.069165        0.073164        0.094676        0.071983          0.2187               0            -3.5               
         A        513        GLY          2.8063          0.2329          2.7171         0.17325          3.2255          2.5875               0               0               0               0               0               0            -0.4               
         A        514        TYR          1.2883         0.97648          1.1239         0.95368          3.0416               0       0.0052866        0.017287       0.0065304           0.019        0.074214               0            -1.3               
         A        515        PHE          2.1302          1.3324          2.1744          1.4484          4.6185               0               0               0               0               0               0               0             2.8               
         A        516        ARG          1.5241          1.1372         0.90439           1.279          3.0327               0               0               0               0               0               0               0            -4.5               
         A        517        PHE          1.5667          1.2475          1.7044          1.3131          3.8762               0               0               0               0               0               0               0             2.8               
         A        518        ASP          1.0429         0.97458          1.0395          1.0814          2.7095               0        0.018937        0.035957         0.01773        0.035372          0.1085               0            -3.5               
         A        519        SER         0.96256          1.1561          0.3776         0.92492          3.0307               0        0.041932        0.073673        0.065893        0.083369         0.21161               0            -0.8               
         A        520        TRP          1.6655          1.3779          1.8791          1.3864          4.1939               0       0.0022344       0.0086086      0.00058192       0.0025365        0.041988               0            -0.9               
         A        521        VAL          1.1575         0.93312          1.2493          1.0174          2.8198               0               0               0               0               0               0               0             4.2               
         A        522        ASN         0.76229         0.97761         0.32867         0.72305          2.6003               0          0.3171          0.3222         0.44277         0.30007          0.9119               0            -3.5               
         A        523        GLN         0.77275         0.78614               0               0          2.2478               0        0.067595        0.078971         0.12364        0.093444         0.22587               0            -3.5               
         A        524        PHE         0.13854         0.33935               0               0         0.96977               0         0.38201         0.17417         0.47691         0.21844         0.78118         0.20461             2.8               
         A        525        TYR           1.016          0.9964         0.87491           1.032          3.2177               0        0.014607        0.036353        0.012171        0.038044         0.15776               0            -1.3               
         A        526        SER         0.51599         0.73144         0.29305         0.71782          2.0513               0         0.14389         0.13536         0.21708         0.11677         0.38012               0            -0.8               
         A        527        LEU          1.9471          1.1173          2.1951          1.0743          3.5567               0               0               0               0               0               0               0             3.8               
         A        528        ALA         0.57702         0.96816               0               0          2.7469               0         0.12061         0.13406         0.18471         0.13672          0.3445               0             1.8               
         A        529        PRO          0.7471         0.83894         0.51339         0.71658          2.2248               0         0.43765         0.27689         0.54845         0.25254          1.0233       0.0067513             1.6               
         A        530        MET          1.1356          1.0055          1.2673          1.0258          2.6954               0       0.0082872        0.032096               0               0          0.1326               0             1.9               
