pdb_id: 5URV
analysis type: bound
radii_file: C:\Users\choi\Desktop\PSAIA_output\amac_data\chothia.radii
ASA_zSice: 0.25
ASA_rSolvent: 1.4
CX_sRadius: 10
CX_vAtom: 20.1
radii_file: C:\Users\choi\Desktop\PSAIA_output\amac_data\hydrophobicity.hpb

  chain id|    res id|  res name|    average DPX|      s_avg DPX|   s-ch avg DPX| s-ch s_avg DPX|        max DPX|        min DPX|     average CX|       s_avg CX|    s-ch avg CX|  s-ch s_avg CX|         max CX|         min CX| Hydrophobicity|               
         A         16        HIS               0               0               0               0               0               0           4.689          2.4618          6.4055          1.5627          8.9237          1.1937            -3.2               
         A         17        GLY               0               0               0               0               0               0          1.8379         0.34413               0               0          2.3613          1.3954            -0.4               
         A         18        PHE               0               0               0               0               0               0          1.2743          0.5729          1.5847          0.4739          2.1575         0.45733             2.8               
         A         19        CYS         0.47592         0.67541               0               0          1.5253               0         0.65001         0.22699         0.44783        0.030163           1.084         0.41767             2.5               
         A         20        GLN         0.58323         0.86624               0               0          2.3899               0         0.70584         0.12363         0.74225         0.12682         0.98474         0.52115            -3.5               
         A         21        PRO         0.60687         0.70586               0               0          1.5395               0          1.1226          0.4108          1.5701         0.14155          1.7421         0.64093             1.6               
         A         22        ILE         0.71549         0.72069         0.75877         0.75886          1.5345               0         0.37228         0.20187         0.21223        0.054688         0.79653         0.15776             4.5               
         A         23        SER         0.24384         0.54524               0               0           1.463               0         0.62889         0.10666         0.73858        0.057953         0.79653         0.44721            -0.8               
         A         24        ILE          1.3515         0.88004          1.3914          0.9026          2.5272               0         0.21646         0.14354        0.079345         0.05592         0.38932               0             4.5               
         A         25        PRO         0.38701         0.61516               0               0          1.4726               0          0.5636         0.11424         0.55587         0.13899         0.73665         0.39864             1.6               
         A         26        LEU           2.536          1.3107          3.5911          0.5211          4.4239               0         0.17992         0.11751        0.073228        0.044331         0.37104        0.031671             3.8               
         A         27        CYS          2.1322          1.2664          3.4465         0.60861          4.0551               0          0.1435         0.12077               0               0         0.30248               0             2.5               
         A         28        THR         0.20999         0.51437               0               0          1.4699               0         0.88595          0.1925         0.97562         0.13618          1.1265          0.5669            -0.7               
         A         29        ASP               0               0               0               0               0               0          2.0457         0.93074          2.8399         0.65948          3.7363         0.96601            -3.5               
         A         30        ILE         0.50808         0.91556          1.0162          1.0771          2.5375               0         0.82418         0.38949         0.46864         0.17485          1.3954         0.22587             4.5               
         A         31        ALA               0               0               0               0               0               0          1.6816         0.32387          1.8548               0          2.0647           1.105             1.8               
         A         32        TYR         0.65735         0.82056         0.81976         0.87463          2.3864               0         0.50126         0.28975         0.35311         0.22158         0.98474        0.057855            -1.3               
         A         33        ASN         0.15312         0.40511               0               0          1.2249               0           1.077         0.45953          1.4808           0.303          1.9352         0.59082            -3.5               
         A         34        GLN          0.3005         0.56439               0               0          1.4579               0          0.8685         0.41148          1.1833         0.27588           1.605         0.37104            -3.5               
         A         35        THR          1.7581          1.2317         0.47714         0.67478          3.2907               0         0.15328         0.09191        0.069244        0.049711         0.31068       0.0019112            -0.7               
         A         36        ILE          1.0006          1.1004         0.38211         0.66183          2.8304               0         0.17401         0.12562         0.26786         0.11634         0.41767        0.047224             4.5               
         A         37        LEU         0.47064         0.83473               0               0          2.2418               0         0.34322         0.10614         0.33221         0.10924         0.49926         0.19084             3.8               
         A         38        PRO         0.58655         0.68175               0               0          1.5284               0         0.58084          0.2422         0.84089        0.062733         0.92961         0.25541             1.6               
         A         39        ASN         0.62678         0.84761         0.89295         0.95135            2.25               0         0.25851         0.11929         0.17204        0.059631         0.51013         0.11443            -3.5               
         A         40        LEU         0.67374         0.92794           1.016          1.0762           2.534               0         0.34124         0.14047         0.25103        0.080628         0.61548         0.15776             3.8               
         A         41        LEU          0.3564         0.61899         0.37922         0.65683          1.5169               0         0.63255         0.29839         0.40423         0.12345          1.1708         0.27072             3.8               
         A         42        GLY               0               0               0               0               0               0         0.99657         0.18345               0               0          1.2652         0.76608            -0.4               
         A         43        HIS         0.26715         0.53434         0.44525         0.62974          1.3517               0         0.55021         0.12325         0.47901        0.096708         0.72229         0.33588            -3.2               
         A         44        THR         0.17442         0.42723               0               0          1.2209               0          1.2769         0.34587          1.6563         0.14089          1.8548         0.87746            -0.7               
         A         45        ASN               0               0               0               0               0               0         0.94734         0.36108          1.2658         0.12742          1.4809         0.38012            -3.5               
         A         46        GLN         0.40049         0.78062         0.72087         0.93053           2.267               0         0.25699        0.078792         0.22655        0.079619         0.36208         0.13878            -3.5               
         A         47        GLU         0.28434         0.53251               0               0          1.3307               0         0.84797         0.35501          1.1385         0.16098          1.3954         0.32737            -3.5               
         A         48        ASP          0.3377         0.58722               0               0          1.4547               0         0.84987         0.43326          1.2396         0.24517          1.5414         0.35323            -3.5               
         A         49        ALA          1.8026         0.98381               0               0          2.7619               0          0.1172         0.10339        0.047224               0         0.31068        0.036804             1.8               
         A         50        GLY           1.349           0.865               0               0          2.4112               0        0.051004        0.034486               0               0        0.091087       0.0019112            -0.4               
         A         51        LEU         0.65032         0.89816               0               0          2.4497               0         0.15789        0.054272         0.18601           0.048         0.25541        0.074214             3.8               
         A         52        GLU         0.13735         0.38848               0               0          1.2361               0         0.40298         0.16327         0.51951         0.12437         0.75124         0.21161            -3.5               
         A         53        VAL          3.4287         0.72371          4.1481        0.050539           4.218          2.2396        0.028316        0.045325       0.0038795       0.0054864          0.1326               0             4.2               
         A         54        HIS          2.4649          1.2463          1.7806          1.1096          4.3906               0        0.091676        0.043906         0.10572        0.048298         0.18408        0.026589            -3.2               
         A         55        GLN         0.61078         0.90042         0.30249         0.60497           2.455               0         0.22416        0.090112         0.27429        0.092073         0.38932         0.13878            -3.5               
         A         56        PHE          0.6098         0.84366         0.21277         0.52117           2.377               0         0.14265        0.022967         0.13836         0.02311         0.18408         0.10263             2.8               
         A         57        TYR         0.66389         0.83143         0.34814           0.603          2.4146               0         0.32308         0.14018         0.36214         0.14469          0.5669         0.12647            -1.3               
         A         58        PRO         0.50972         0.84189               0               0          2.2394               0         0.25811        0.070148         0.19607        0.028365         0.39864         0.16423             1.6               
         A         59        LEU         0.52727         0.68496         0.38116         0.66018          1.5246               0         0.17233        0.081172        0.098015        0.036559         0.29439        0.063253             3.8               
         A         60        VAL         0.96364          0.9152          1.3536          1.0385          2.5238               0          0.3256         0.15478         0.21737        0.083511         0.60306         0.11443             4.2               
         A         61        LYS         0.29854         0.56134               0               0          1.4626               0          1.0306         0.36931          1.2033         0.38388          1.7421         0.53233            -3.9               
         A         62        VAL         0.42574         0.67337         0.50743         0.71762          1.5223               0         0.78911         0.13444         0.65569        0.053688         0.98474         0.59082             4.2               
         A         63        GLN         0.14828         0.41939               0               0          1.3345               0          1.4255         0.59713          1.8394         0.47668          2.4733         0.69429            -3.5               
         A         64        CYS         0.52234         0.75216         0.90621         0.90621          1.8124               0         0.52518         0.13479          0.3667         0.11129         0.68063         0.25541             2.5               
         A         65        SER               0               0               0               0               0               0         0.46888         0.10796         0.32737               0         0.57877         0.32737            -0.8               
         A         66        PRO               0               0               0               0               0               0          1.1155         0.31333          1.4453         0.17369          1.6379         0.79653             1.6               
         A         67        GLU         0.75341         0.88639         0.30477         0.60955          2.3982               0         0.57245         0.24813          0.7375         0.19983          1.0431         0.24046            -3.5               
         A         68        LEU          1.1371          0.9491         0.38081         0.65958          2.4556               0        0.081258        0.059213        0.044381        0.041204         0.20461               0             3.8               
         A         69        ARG         0.59654         0.81878         0.21621         0.52959          2.2567               0         0.33431         0.17891         0.42617         0.16223         0.72229          0.1326            -4.5               
         A         70        PHE          0.3566         0.77906               0               0          2.3981               0         0.32304         0.12408         0.38662        0.096267         0.54369         0.12042             2.8               
         A         71        PHE          4.2383         0.74225          4.6081         0.44138          5.3105           2.428        0.015558        0.032406       0.0023676       0.0057994         0.11443               0             2.8               
         A         72        LEU           2.858          1.4909          1.6262          1.0207          4.8069               0        0.034681        0.021555        0.024468        0.020294        0.068705       0.0019112             3.8               
         A         73        CYS          4.1197         0.57325          4.2055         0.31897          4.8733          3.2185        0.035901         0.03529         0.03439        0.012834          0.1085               0             2.5               
         A         74        SER          1.1085         0.87646         0.71039         0.71039          2.4726               0        0.042703        0.027364        0.061104          0.0243        0.085404       0.0019112            -0.8               
         A         75        MET          2.4683          1.0768          1.9744          1.2578          3.4335               0        0.046305        0.038032        0.053111        0.051827         0.13878               0             1.9               
         A         76        TYR           2.324          1.3549          2.5853          1.2889          4.1475               0        0.062296        0.082061        0.093444        0.084797         0.27072               0            -1.3               
         A         77        ALA          1.3893         0.77894          1.5259               0          2.4167               0               0               0               0               0               0               0             1.8               
         A         78        PRO         0.93064         0.85071         0.49353         0.69795          2.2434               0        0.034155        0.030194        0.040736        0.034977        0.085404               0             1.6               
         A         79        VAL         0.38154         0.60643               0               0          1.4512               0         0.25084         0.11722         0.36921        0.076995           0.478         0.10263             4.2               
         A         80        CYS          1.2808         0.97776           0.909           0.909          2.4001               0         0.43087         0.12051         0.43433        0.054219         0.62811         0.27851             2.5               
         A         81        THR               0               0               0               0               0               0         0.87721         0.14297         0.91688         0.09596          1.0233         0.59082            -0.7               
         A         82        VAL               0               0               0               0               0               0          2.6464          1.1426          3.8823         0.59838          4.6324          1.5728             4.2               
         A         83        LEU         0.31943         0.55392               0               0          1.3315               0          1.5392         0.47026          1.8833         0.39248          2.5322         0.87746             3.8               
         A         84        ASP         0.15435         0.40836               0               0          1.2348               0          1.5532         0.55248          2.0259         0.38624          2.5931         0.94764            -3.5               
         A         85        GLN         0.29975         0.56358               0               0          1.4681               0          1.3741         0.93271          1.9908          0.8331           3.434         0.44721            -3.5               
         A         86        ALA         0.53802         0.66268               0               0          1.4563               0         0.29396         0.10028         0.19769               0         0.43722         0.19769             1.8               
         A         87        ILE         0.33574         0.58416               0               0          1.4537               0         0.40869         0.18605         0.57328         0.10232         0.73665         0.15776             4.5               
         A         88        PRO          1.2507          1.2144               0               0          3.2177               0         0.36979         0.12652         0.48619        0.081961         0.55521         0.19769             1.6               
         A         89        PRO          3.9874         0.45454          4.0137          0.4339          4.5838          3.2733        0.055955        0.043138        0.012268        0.017349         0.12042               0             1.6               
         A         90        CYS          2.3958          1.1769         0.92409         0.92409          3.2411               0         0.20982         0.12678         0.36792        0.089406         0.45733        0.068705             2.5               
         A         91        ARG         0.80466         0.93836         0.18967          0.4646          2.4498               0         0.61991         0.40211         0.84905         0.33099          1.3954         0.19769            -4.5               
         A         92        SER         0.20541         0.45931               0               0          1.2324               0         0.47006         0.13987          0.6495        0.058678         0.70818         0.31897            -0.8               
         A         93        LEU          2.2448         0.98643          1.6498           1.037          3.3719               0         0.15436        0.050116         0.16685        0.034461         0.22587         0.07978             3.8               
         A         94        CYS          4.1181          1.0135          5.3767        0.065745          5.4425          2.9557        0.049197        0.034231         0.02918       0.0076236        0.096829        0.016573             2.5               
         A         95        GLU         0.44519         0.86244               0               0          2.4783               0         0.49177         0.16444         0.60298         0.11064         0.79653         0.19769            -3.5               
         A         96        ARG         0.23378          0.4963               0               0          1.3317               0         0.75224         0.27833          0.9224         0.20068          1.1484         0.38932            -4.5               
         A         97        ALA          3.1212         0.61823          4.1201               0          4.1201          2.2634         0.14854        0.063873        0.057855               0         0.25541        0.057855             1.8               
         A         98        ARG         0.93134          1.0813         0.21858         0.53542          2.7181               0         0.32418         0.11655         0.36018         0.10394         0.52115         0.14504            -4.5               
         A         99        GLN         0.13548         0.38321               0               0          1.2194               0          1.2318         0.58225          1.6406         0.46132          2.1104           0.478            -3.5               
         A        100        GLY          0.3061         0.53019               0               0          1.2244               0         0.61014        0.037818               0               0         0.65395          0.5669            -0.4               
         A        101        CYS          3.1041         0.52327           3.543         0.37899           3.922          2.2333         0.27719        0.090434         0.16438         0.01301         0.39864         0.15137             2.5               
         A        102        GLU         0.83901         0.98943               0               0          2.4468               0         0.54442        0.070357          0.5615        0.049663         0.64093         0.43722            -3.5               
         A        103        ALA               0               0               0               0               0               0         0.92991         0.22901          1.3415               0          1.3415         0.66718             1.8               
         A        104        LEU         0.34489         0.60162         0.38059         0.65921          1.5224               0         0.55137        0.084542         0.49542        0.078408         0.66718         0.38012             3.8               
         A        105        MET          1.0861         0.88563         0.82338         0.82828          2.4039               0         0.41119         0.21609         0.23373        0.073372         0.76608         0.16423             1.9               
         A        106        ASN         0.18242         0.48265               0               0          1.4594               0          1.1117         0.17348             1.1         0.10617          1.3682         0.81215            -3.5               
         A        107        LYS         0.13818         0.39083               0               0          1.2436               0          1.4223         0.24734           1.586         0.22068          1.8162          1.1708            -3.9               
         A        108        PHE         0.25981         0.55129         0.19979         0.48939          1.4593               0          0.6435         0.11887         0.57801         0.08492         0.86069         0.49926             2.8               
         A        109        GLY               0               0               0               0               0               0          1.3315         0.14929               0               0          1.5414          1.1265            -0.4               
         A        110        PHE         0.44695         0.76376               0               0          2.2481               0         0.68983         0.19816         0.54975        0.082178          1.0038         0.41767             2.8               
         A        111        GLN         0.13645         0.38593               0               0           1.228               0          1.2173          0.4323          1.5517         0.22868          1.8162         0.60306            -3.5               
         A        112        TRP         0.90413         0.83479         0.99849         0.87372          2.2393               0         0.25179         0.21682         0.12881        0.093026         0.69429        0.031671            -0.9               
         A        113        PRO         0.93927         0.85776         0.50477         0.71385          2.2558               0         0.57934         0.15602          0.5016         0.17965         0.76608         0.33588             1.6               
         A        114        GLU         0.16137         0.45643               0               0          1.4523               0          1.4444         0.43282          1.8154         0.13798          2.0203         0.86069            -3.5               
         A        115        ARG         0.11065          0.3499               0               0          1.2171               0          1.2945          0.7333          1.7012         0.60846          2.5322         0.37104            -4.5               
         A        116        LEU          1.7218          1.4904         0.38637         0.66922          3.7618               0         0.17243        0.071821         0.13535        0.037318         0.33588        0.091087             3.8               
         A        117        ARG         0.86654          1.1917               0               0          3.0302               0         0.90668          0.4671          1.1906          0.3461          1.7065         0.36208            -4.5               
         A        118        CYS           3.489          0.4002          3.5897        0.031828          4.2364          3.0498          0.2799         0.10067         0.19781         0.06521         0.40809          0.1326             2.5               
         A        119        GLU          0.4403         0.85087               0               0          2.4336               0          1.0335         0.22492          1.1299         0.18744          1.3954         0.62811            -3.5               
         A        120        ASN         0.16643         0.44034               0               0          1.3315               0         0.75759         0.19894         0.85366         0.24305          1.2408         0.59082            -3.5               
         A        121        PHE          1.2845         0.90205          1.4347           1.006          2.5093               0         0.23522         0.14879         0.13097        0.054855         0.46759        0.026589             2.8               
         A        122        PRO         0.51509         0.85289               0               0          2.2766               0         0.45968         0.10089         0.49682         0.11359         0.65395         0.31897             1.6               
         A        123        VAL         0.51102          0.8445               0               0          2.2481               0         0.97147         0.27579          1.2446         0.16707          1.4809         0.62811             4.2               
         A        124        HIS         0.40388         0.61914          0.2258          0.5049          1.4584               0          1.2315         0.33399          1.3181         0.34633          1.9352         0.81215            -3.2               
         A        125        GLY               0               0               0               0               0               0          2.4455         0.68911               0               0          3.3416          1.4232            -0.4               
         A        126        ALA         0.26536         0.53072               0               0          1.3268               0          2.3969         0.28943          2.0647               0           2.789          2.0647             1.8               
         A        127        GLY               0               0               0               0               0               0          2.7074         0.27398               0               0           3.168          2.4733            -0.4               
         A        128        GLU               0               0               0               0               0               0          1.5461         0.29615          1.6389         0.19369          1.9771           1.084            -3.5               
         A        129        ILE         0.15422         0.40804               0               0          1.2338               0          1.1453         0.35774          1.3953         0.31149          1.7065         0.69429             4.5               
         A        130        CYS         0.54642         0.78006         0.91187         0.91187          1.8237               0         0.56643         0.13414         0.42845        0.039136         0.75124         0.38932             2.5               
         A        131        VAL         0.91046          0.8374         0.50186         0.70974          2.2261               0         0.32362        0.067456         0.33974         0.07262         0.43722         0.21161             4.2               
         A        132        GLY               0               0               0               0               0               0         0.70657         0.16397               0               0         0.89452         0.53233            -0.4               
         A        133        GLN         0.28427         0.53228         0.24637         0.49273          1.3266               0          1.4493         0.53354          1.2503         0.31365          2.6561         0.86069            -3.5               
         B          8        GLU               0               0               0               0               0               0          8.3823          1.5618          9.3997         0.97661          11.259          5.7225            -3.5               
         B          9        LYS               0               0               0               0               0               0          4.8857         0.37819          4.7174          0.3686          5.5124          4.2099            -3.9               
         B         10        GLY               0               0               0               0               0               0          4.3881         0.23772               0               0          4.7888          4.2099            -0.4               
         B         11        ILE               0               0               0               0               0               0          4.6793         0.63292          5.1707         0.51441          5.9466          3.9618             4.5               
         B         12        SER               0               0               0               0               0               0          3.7474         0.23509          3.5304               0          4.2099          3.5304            -0.8               
         B         13        VAL               0               0               0               0               0               0          3.9785         0.29361          4.2632         0.22067          4.4841          3.6311             4.2               
         B         14        PRO               0               0               0               0               0               0          4.0508         0.12552          4.1676        0.059902          4.2099          3.8465             1.6               
         B         15        ASP               0               0               0               0               0               0          4.1758         0.27306          4.3857          0.2025          4.6324          3.7363            -3.5               
         B         16        HIS               0               0               0               0               0               0           2.841         0.38308          2.6669         0.35435           3.434          2.2562            -3.2               
         B         17        GLY               0               0               0               0               0               0          1.6657         0.39453               0               0          2.3079          1.3415            -0.4               
         B         18        PHE         0.12622         0.39914         0.19835         0.48584          1.3884               0          1.1461         0.43895          1.3692         0.36597          1.8944         0.49926             2.8               
         B         19        CYS         0.23999         0.53663               0               0          1.4399               0         0.64453         0.18828         0.44783        0.030163         0.96601         0.41767             2.5               
         B         20        GLN         0.57866         0.85993               0               0          2.3759               0         0.81062         0.16284         0.89186         0.14954          1.1708         0.54369            -3.5               
         B         21        PRO         0.42984         0.67981               0               0           1.533               0          1.2626         0.44548          1.7489          0.1381          1.9352         0.72229             1.6               
         B         22        ILE         0.72129         0.72736         0.77141         0.77147          1.5566               0          0.3725         0.22387         0.19239        0.043189         0.84423         0.13878             4.5               
         B         23        SER         0.24251         0.54228               0               0          1.4551               0         0.77375         0.14695         0.88495         0.11887          1.0038         0.51013            -0.8               
         B         24        ILE          1.3529         0.87783          1.3933         0.89645          2.5038               0         0.25663         0.16029         0.10445         0.06364         0.45733               0             4.5               
         B         25        PRO         0.38534         0.61297               0               0          1.4745               0          0.6514         0.10433         0.64157         0.12081         0.76608           0.478             1.6               
         B         26        LEU          3.4982         0.95502          4.2624         0.75489          5.4586          2.2485         0.20384         0.13793        0.079814         0.06076         0.42738               0             3.8               
         B         27        CYS          2.3048          1.3721          3.5687         0.72245          4.2912               0         0.15228         0.12045      0.00095558      0.00095558         0.30248               0             2.5               
         B         28        THR         0.38516         0.61132               0               0          1.4477               0         0.84098         0.19043          1.0063         0.13334          1.1708         0.52115            -0.7               
         B         29        ASP               0               0               0               0               0               0          1.9097         0.89004           2.679         0.62798           3.434          1.0431            -3.5               
         B         30        ILE         0.50638          0.9103          1.0128          1.0698          2.5129               0         0.54241         0.28128         0.28544         0.11616         0.98474         0.12042             4.5               
         B         31        ALA               0               0               0               0               0               0           1.036         0.20167          1.0633               0          1.3415         0.70818             1.8               
         B         32        TYR         0.65727         0.82075         0.82008         0.87517          2.3887               0         0.36206         0.21159         0.25006         0.16201         0.66718        0.031671            -1.3               
         B         33        ASN          0.1514         0.40057               0               0          1.2112               0          0.9872         0.40655          1.3283         0.30757          1.8162         0.59082            -3.5               
         B         34        GLN         0.29992         0.56355               0               0          1.4608               0         0.94512         0.47221          1.3041         0.32431          1.7421         0.38932            -3.5               
         B         35        THR          1.7469          1.2165         0.47871           0.677          3.1992               0         0.15806         0.10276        0.068442         0.04863         0.35323               0            -0.7               
         B         36        ILE          0.9928          1.0917         0.38069         0.65937          2.8137               0         0.19602         0.12855         0.29747         0.10855         0.42738        0.063253             4.5               
         B         37        LEU         0.65521         0.87176          0.3741         0.64797          2.2341               0         0.34155        0.078982         0.33467        0.064401         0.46759         0.23312             3.8               
         B         38        PRO          0.1767         0.43282               0               0          1.2369               0         0.63506          0.2707         0.92983         0.11085           1.084         0.33588             1.6               
         B         39        ASN          1.2642          1.0327          1.5873         0.98622          2.4276               0          0.2728         0.13548         0.16923        0.063405         0.55521         0.10263            -3.5               
         B         40        LEU         0.35708         0.62084         0.38413         0.66534          1.5365               0         0.36757         0.16527         0.27499         0.10495         0.68063         0.16423             3.8               
         B         41        LEU         0.67091         0.92042           1.009          1.0646          2.4983               0         0.59475         0.27162         0.39354          0.1272          1.0633         0.24789             3.8               
         B         42        GLY               0               0               0               0               0               0          1.0231          0.1993               0               0          1.3155         0.76608            -0.4               
         B         43        HIS           1.127         0.80408          1.0576         0.79558          2.2604               0           0.519         0.13558         0.42944        0.087559         0.73665         0.30248            -3.2               
         B         44        THR               0               0               0               0               0               0          1.3271         0.33164          1.6913         0.14895          1.8944          1.0233            -0.7               
         B         45        ASN          0.6149         0.83759               0               0          2.2568               0         0.98594         0.40093          1.3307         0.19309          1.6379         0.37104            -3.5               
         B         46        GLN         0.56101         0.82762         0.71718         0.92569           2.255               0         0.30927        0.095977          0.2884         0.10762         0.48855         0.19084            -3.5               
         B         47        GLU         0.13856         0.39191               0               0           1.247               0          0.7236         0.28542         0.92509         0.20407          1.2901         0.29439            -3.5               
         B         48        ASP         0.33822         0.58852               0               0          1.4656               0         0.77296         0.39091          1.1106         0.25069          1.4232          0.2864            -3.5               
         B         49        ALA          1.8101         0.99868               0               0          2.8174               0        0.092398        0.098788        0.031671               0         0.27851        0.011638             1.8               
         B         50        GLY          1.3434         0.86128               0               0          2.4013               0         0.06962        0.031308               0               0         0.11443        0.026589            -0.4               
         B         51        LEU         0.64782         0.89156               0               0          2.4223               0         0.11798         0.04873         0.15155        0.045297          0.2187        0.052513             3.8               
         B         52        GLU         0.57573         0.86123         0.24959         0.49918          2.3937               0         0.31174         0.14025         0.42242         0.08332          0.5669         0.12647            -3.5               
         B         53        VAL          3.9896         0.76676          4.5266         0.41011          4.8814           2.484        0.010001        0.021865               0               0        0.063253               0             4.2               
         B         54        HIS          2.5099          1.3052          1.7807          1.1071          4.3186               0         0.11714        0.067169         0.15009        0.067294         0.24046        0.036804            -3.2               
         B         55        GLN         0.61105         0.90006         0.30347         0.60694          2.4496               0         0.20073        0.082453         0.24395        0.089153         0.36208          0.1326            -3.5               
         B         56        PHE         0.86796         0.83451         0.61918         0.71643          2.3683               0         0.13351        0.041603         0.12384        0.044852         0.22587        0.074214             2.8               
         B         57        TYR         0.43411         0.79371               0               0          2.4359               0         0.37727         0.16131         0.42047         0.16395         0.72229          0.1326            -1.3               
         B         58        PRO         0.17391         0.42599               0               0          1.2174               0         0.28791        0.059423         0.24067        0.015833         0.40809          0.2187             1.6               
         B         59        LEU         0.34453         0.60114         0.38081         0.65958          1.5232               0         0.15913        0.083697        0.081356        0.041996         0.25541        0.041988             3.8               
         B         60        VAL         0.96516         0.91562          1.3548          1.0383          2.5226               0         0.34062         0.15311         0.23189        0.085243         0.59082         0.12042             4.2               
         B         61        LYS         0.16149         0.45676               0               0          1.4534               0          1.1229         0.38747          1.3326          0.3665          1.9771         0.57877            -3.9               
         B         62        VAL         0.19146         0.46898               0               0          1.3402               0          0.7496         0.19776         0.55125         0.11104          1.0431         0.46759             4.2               
         B         63        GLN         0.14805         0.41876               0               0          1.3325               0          1.5875         0.66687          2.0466         0.55058           2.789         0.76608            -3.5               
         B         64        CYS         0.22061          0.4933               0               0          1.3237               0         0.57839         0.12959         0.41222        0.076336         0.72229         0.33588             2.5               
         B         65        SER               0               0               0               0               0               0         0.50224        0.098814         0.38012               0         0.62811         0.38012            -0.8               
         B         66        PRO               0               0               0               0               0               0          1.0043         0.31981          1.3562         0.11553          1.4517         0.65395             1.6               
         B         67        GLU          0.7101          0.8326         0.29905          0.5981          2.2387               0         0.40435         0.14665         0.49413         0.12015         0.64093         0.20461            -3.5               
         B         68        LEU          0.8197         0.85738         0.37975         0.65774          2.2442               0        0.057035        0.051387         0.02905        0.031205         0.17077               0             3.8               
         B         69        ARG         0.59411         0.81466          0.2165         0.53033          2.2383               0         0.31724         0.20918         0.43192          0.1794         0.72229        0.085404            -4.5               
         B         70        PHE         0.82597         0.95932         0.73699         0.90503          2.4007               0         0.16083         0.06996         0.18976        0.057596         0.26302        0.057855             2.8               
         B         71        PHE          4.3678         0.85879          4.8694          0.4632          5.5076          2.4266       0.0054975        0.012464               0               0        0.041988               0             2.8               
         B         72        LEU          2.7945          1.4064          1.6424          1.0314          4.4047               0        0.023695        0.019633        0.020994        0.020994        0.047224               0             3.8               
         B         73        CYS          3.7036          0.8688          4.5707         0.11447          4.6852          2.3982        0.019095        0.019495       0.0092422       0.0073311        0.057855               0             2.5               
         B         74        SER         0.68406         0.68749         0.70896         0.70896          1.4539               0        0.024645        0.027777        0.015835        0.015835        0.074214               0            -0.8               
         B         75        MET          2.0522          1.2834          1.1525           1.203          3.4624               0        0.052677        0.043928        0.070915        0.054587         0.15137               0             1.9               
         B         76        TYR           2.328          1.3533          2.5852          1.2835          4.1456               0        0.047199        0.075647        0.070799        0.083143         0.24046               0            -1.3               
         B         77        ALA          1.0737         0.93576               0               0          2.3853               0               0               0               0               0               0               0             1.8               
         B         78        PRO         0.93743         0.85698         0.50131         0.70895          2.2589               0        0.045103        0.039514        0.047005        0.048894         0.11443               0             1.6               
         B         79        VAL         0.60187         0.69928         0.50649         0.71628          1.5195               0         0.26854          0.1159         0.38481        0.082098         0.49926         0.13878             4.2               
         B         80        CYS          0.8357         0.89213               0               0          2.2709               0         0.42626         0.11994         0.42531        0.063239         0.59082         0.24789             2.5               
         B         81        THR               0               0               0               0               0               0         0.93074         0.17535         0.94073         0.14735          1.1708         0.64093            -0.7               
         B         82        VAL         0.17428         0.42689               0               0          1.2199               0          2.5855         0.65845          3.2919         0.20098           3.434          1.6718             4.2               
         B         83        LEU          0.1824         0.48259               0               0          1.4592               0           1.689         0.28105            1.72         0.38434          2.3613          1.3954             3.8               
         B         84        ASP         0.51397         0.66815               0               0          1.5419               0          1.3247         0.32726          1.5725         0.29063          2.0203         0.96601            -3.5               
         B         85        GLN         0.29836          0.5605               0               0          1.4508               0          1.2684         0.70119          1.7771         0.54137          2.4733           0.478            -3.5               
         B         86        ALA          0.5359         0.66048               0               0          1.4566               0         0.34165        0.089017         0.25541               0         0.46759         0.25541             1.8               
         B         87        ILE         0.15203         0.40225               0               0          1.2163               0         0.40136         0.17175         0.55608        0.076162         0.65395         0.13878             4.5               
         B         88        PRO          1.2512          1.2165               0               0          3.2339               0         0.37435         0.13216         0.50109        0.088812         0.59082         0.20461             1.6               
         B         89        PRO          3.8431         0.44465          4.0059         0.47443          4.6558          3.2557        0.060471        0.048149        0.021536        0.025829         0.14504               0             1.6               
         B         90        CYS          1.6217          1.2482               0               0          3.2369               0         0.18771         0.10852         0.31225        0.086387         0.39864        0.074214             2.5               
         B         91        ARG         0.94375         0.92473         0.39811         0.63055          2.4652               0         0.65528         0.40168         0.88898         0.32118          1.4232          0.2187            -4.5               
         B         92        SER         0.20268          0.4532               0               0          1.2161               0         0.47626         0.13479         0.63653         0.05776         0.69429         0.31068            -0.8               
         B         93        LEU          3.4542         0.70911           4.056         0.32013           4.575          2.2338         0.14048        0.044038         0.14107         0.02905         0.20461         0.07978             3.8               
         B         94        CYS          3.5226         0.51695          3.4721         0.31533          4.4921          3.0159        0.034104        0.038539      0.00095558      0.00095558        0.096829               0             2.5               
         B         95        GLU         0.74516         0.88835         0.30216         0.60431          2.4481               0         0.55009         0.24207          0.7226         0.18295         0.92961         0.20461            -3.5               
         B         96        ARG         0.23159         0.49169               0               0          1.3208               0         0.66519         0.20125         0.78827         0.14066         0.98474         0.38932            -4.5               
         B         97        ALA          3.0939         0.65068          4.2133               0          4.2133          2.2354         0.11797        0.062796        0.021556               0         0.21161        0.021556             1.8               
         B         98        ARG         0.50454         0.85724         0.21668         0.53076          2.4907               0         0.35675         0.20378         0.42398         0.21148         0.79653         0.11443            -4.5               
         B         99        GLN         0.14805         0.41875               0               0          1.3325               0          1.0634         0.56321          1.4582         0.46159          1.9352         0.42738            -3.5               
         B        100        GLY         0.31242         0.54113               0               0          1.2497               0         0.67479        0.084475               0               0         0.76608         0.57877            -0.4               
         B        101        CYS          2.2293          1.1288         0.91518         0.91518          3.4702               0         0.26614         0.10337         0.16602        0.045598         0.44721         0.12042             2.5               
         B        102        GLU         0.84191         0.99358               0               0          2.4713               0         0.50173        0.073176         0.52151        0.061358         0.57877         0.38932            -3.5               
         B        103        ALA               0               0               0               0               0               0         0.92057          0.1974          1.2652               0          1.2652         0.68063             1.8               
         B        104        LEU         0.67566         0.90986          0.3678         0.63706          2.3983               0         0.50095        0.098707         0.44863         0.11183         0.60306         0.27851             3.8               
         B        105        MET         0.86118         0.90537          0.3742         0.64813          2.4061               0          0.3891         0.18065         0.23419         0.06015         0.66718         0.17739             1.9               
         B        106        ASN          0.1824          0.4826               0               0          1.4592               0         0.97992         0.14827         0.98099         0.10366          1.1937         0.70818            -3.5               
         B        107        LYS         0.13601          0.3847               0               0          1.2241               0          1.4616         0.41907          1.7354           0.376          2.3079          1.0233            -3.9               
         B        108        PHE         0.13252         0.41907               0               0          1.4577               0         0.43958         0.23945         0.26931        0.097248         0.79653          0.1326             2.8               
         B        109        GLY         0.33325         0.57721               0               0           1.333               0          1.1304         0.17784               0               0          1.3954         0.89452            -0.4               
         B        110        PHE         0.23448          0.4979               0               0          1.3413               0         0.71867         0.16815         0.64664          0.1721         0.89452         0.39864             2.8               
         B        111        GLN         0.13642         0.38586               0               0          1.2278               0          1.4777         0.76014          2.0245         0.58056          3.0076         0.59082            -3.5               
         B        112        TRP         0.90582         0.83537         0.99776         0.87301           2.238               0         0.23897         0.19612         0.12873        0.092854         0.62811        0.031671            -0.9               
         B        113        PRO         0.72385         0.87887               0               0          2.2703               0         0.49763          0.1418         0.39608         0.12078         0.68063         0.31068             1.6               
         B        114        GLU         0.29852         0.56088               0               0          1.4534               0          1.4236         0.44711          1.8166        0.034046          1.8548         0.78118            -3.5               
         B        115        ARG         0.11229         0.35508               0               0          1.2352               0         0.87008          0.2907          1.0487         0.16701          1.2652         0.33588            -4.5               
         B        116        LEU          1.4345          1.1574         0.38383         0.66482          2.7069               0         0.15746        0.075262         0.12554        0.025795         0.33588         0.07978             3.8               
         B        117        ARG          0.6302         0.86632         0.21868         0.53566          2.4081               0         0.80095         0.40557          1.0565         0.28017          1.3954         0.33588            -4.5               
         B        118        CYS          1.5569         0.79218         0.91337         0.91337          2.4228               0         0.26957         0.10087         0.18286        0.050263         0.41767          0.1326             2.5               
         B        119        GLU          0.1625         0.45961               0               0          1.4625               0          1.0098         0.25998          1.0947         0.21259          1.3415         0.54369            -3.5               
         B        120        ASN         0.16693         0.44165               0               0          1.3354               0         0.83262         0.19895         0.92638         0.24032          1.3155         0.65395            -3.5               
         B        121        PHE          1.2911          0.9086          1.4474          1.0133          2.5145               0         0.24692         0.16783         0.12964        0.066662         0.51013        0.011638             2.8               
         B        122        PRO         0.72666         0.88064         0.49642         0.70205          2.2658               0         0.47587         0.11206         0.50104         0.13819         0.68063         0.33588             1.6               
         B        123        VAL         0.51218         0.84708               0               0          2.2574               0          1.0542         0.29023          1.3157         0.20539           1.605         0.66718             4.2               
         B        124        HIS         0.12313         0.36938               0               0          1.2313               0          1.6439         0.59609           1.886         0.60364           2.932         0.87746            -3.2               
         B        125        GLY               0               0               0               0               0               0          2.6406         0.62309               0               0          3.5304          1.7786            -0.4               
         B        126        ALA         0.26646         0.53291               0               0          1.3323               0          2.5903         0.35659          2.2061               0           3.168          2.2061             1.8               
         B        127        GLY               0               0               0               0               0               0          2.7305         0.18605               0               0          3.0076          2.5322            -0.4               
         B        128        GLU               0               0               0               0               0               0          1.4378         0.34995          1.4336         0.35189          2.1104           1.084            -3.5               
         B        129        ILE         0.15348         0.40606               0               0          1.2278               0          1.1924          0.3878          1.4232         0.39778          2.1104         0.73665             4.5               
         B        130        CYS         0.54465         0.77807         0.91226         0.91226          1.8245               0          0.5445         0.11594         0.43271        0.024617         0.72229         0.40809             2.5               
         B        131        VAL         0.92027         0.84649         0.51323         0.72582          2.2467               0         0.22758        0.046113         0.19344        0.019652         0.29439         0.17077             4.2               
         B        132        GLY         0.30636         0.53064               0               0          1.2255               0         0.55402         0.10702               0               0         0.68063         0.40809            -0.4               
         B        133        GLN           0.298         0.56019               0               0           1.457               0          1.2406         0.43346          1.5983         0.22176          1.8944         0.73665            -3.5               
         B        134        ASN         0.33289         0.57936               0               0           1.445               0         0.94733         0.29931         0.77176         0.10165          1.5728         0.65395            -3.5               
         B        135        THR               0               0               0               0               0               0          2.3829         0.52957          2.3499         0.28116           3.253          1.4232            -0.7               
         B        136        SER         0.26646         0.53292               0               0          1.3323               0          2.5163         0.41929          3.3416               0          3.3416          2.2061            -0.8               
