pdb_id: 5VX4
analysis type: bound
radii_file: C:\Users\choi\Desktop\PSAIA_output\amac_data\chothia.radii
ASA_zSice: 0.25
ASA_rSolvent: 1.4
CX_sRadius: 10
CX_vAtom: 20.1
radii_file: C:\Users\choi\Desktop\PSAIA_output\amac_data\hydrophobicity.hpb

  chain id|    res id|  res name|    average DPX|      s_avg DPX|   s-ch avg DPX| s-ch s_avg DPX|        max DPX|        min DPX|     average CX|       s_avg CX|    s-ch avg CX|  s-ch s_avg CX|         max CX|         min CX| Hydrophobicity|               
         A         62        GLY               0               0               0               0               0               0          8.0822          1.4129               0               0          9.9683          6.7184            -0.4               
         A         63        SER               0               0               0               0               0               0          3.7533         0.86811          2.7989          0.5427          5.1293          2.2562            -0.8               
         A         64        ILE               0               0               0               0               0               0          3.0575          1.1853          3.9947         0.79204          5.1293          1.3954             4.5               
         A         65        LEU         0.34323         0.59849         0.37773         0.65424          1.5109               0         0.80129         0.32871         0.51411         0.13907          1.3415         0.35323             3.8               
         A         66        ASP         0.44864         0.81065               0               0          2.2564               0         0.90195         0.18697          1.0429         0.14094          1.2408         0.60306            -3.5               
         A         67        GLY               0               0               0               0               0               0          1.0469         0.13733               0               0          1.2652         0.92961            -0.4               
         A         68        PRO         0.91574         0.86161         0.49089         0.69422          2.3603               0         0.97852         0.17316          1.0562         0.19445          1.1937         0.78118             1.6               
         A         69        TYR         0.84697         0.90186         0.64145          0.8764          2.3731               0         0.74507         0.29476         0.85661         0.30392          1.2901         0.44721            -1.3               
         A         70        GLN         0.29757         0.55911               0               0          1.4489               0          1.2098         0.42571           1.569         0.14949          1.7421         0.59082            -3.5               
         A         71        PRO         0.42748         0.67599               0               0          1.5167               0         0.79177         0.10552          0.8514        0.056781         0.92961         0.62811             1.6               
         A         72        THR         0.17469         0.42789               0               0          1.2228               0         0.71115         0.22278         0.82811         0.26276          1.1708         0.41767            -0.7               
         A         73        THR          0.3843          0.6106               0               0          1.4576               0          1.0602         0.19165          1.0385        0.064269          1.4232         0.82805            -0.7               
         A         74        PHE         0.49743         0.66013         0.39656         0.62701          1.4678               0         0.57642         0.24765         0.50771         0.26231         0.92961         0.19084             2.8               
         A         75        LYS         0.29939         0.56248               0               0          1.4569               0         0.93348         0.30764          1.1166          0.2924          1.6379          0.5669            -3.9               
         A         76        PRO          1.0927         0.99539          1.2887         0.98127          2.3789               0         0.23048         0.10752         0.11183        0.038503          0.3445        0.057855             1.6               
         A         77        PRO         0.17637         0.43202               0               0          1.2346               0         0.59446          0.2015         0.75722         0.13837         0.92961         0.26302             1.6               
         A         78        ASN         0.33556          0.5838               0               0          1.4521               0         0.66949         0.13906         0.73671         0.16111         0.98474         0.53233            -3.5               
         A         79        ASP         0.62856          0.8534               0               0          2.2599               0         0.72485         0.34346          1.0205         0.24192          1.4232         0.36208            -3.5               
         A         80        TYR         0.41791          0.7552               0               0          2.2562               0         0.63353         0.51055         0.87434         0.46257          1.7421        0.068705            -1.3               
         A         81        TRP          2.6054          1.0891          2.4394          1.1916          4.2053               0       0.0039143       0.0080293       0.0028212       0.0057492        0.026589               0            -0.9               
         A         82        LEU          2.6945          1.3538          1.6342           1.029           4.419               0       0.0053953       0.0096745       0.0041433       0.0071764        0.026589               0             3.8               
         A         83        LEU          4.6569         0.45928          4.3025         0.32912          5.2553          4.0796        0.011151        0.019359        0.022303         0.02238        0.047224               0             3.8               
         A         84        ILE          4.4083         0.56947          4.5092         0.60208          5.2656          3.6854        0.015982        0.025861       0.0016878       0.0029234        0.063253               0             4.5               
         A         85        SER          1.2591         0.97104               0               0           2.451               0          0.1926        0.079392         0.29854        0.012136         0.31068         0.10263            -0.8               
         A         86        SER               0               0               0               0               0               0         0.21672         0.11716        0.091356        0.017142         0.38932        0.074214            -0.8               
         A         87        ASN         0.31936         0.55368               0               0          1.3257               0         0.91789         0.26131         0.91347         0.18737          1.4232         0.55521            -3.5               
         A         88        THR         0.17601         0.43113               0               0          1.2321               0         0.87193         0.36845          1.1923         0.28766          1.5728         0.36208            -0.7               
         A         89        ASP         0.33541         0.58348               0               0          1.4503               0         0.78283         0.26651         0.95832         0.27136          1.2652         0.49926            -3.5               
         A         90        GLY         0.30575         0.52958               0               0           1.223               0         0.23975         0.11218               0               0         0.36208        0.096829            -0.4               
         A         91        VAL          0.4266         0.67481         0.51018          0.7215          1.5305               0          0.2238        0.049378         0.24638        0.035071         0.29439         0.12647             4.2               
         A         92        VAL         0.97149         0.90086         0.50373         0.71238          2.4249               0        0.045525        0.034515       0.0088629        0.012534        0.091087               0             4.2               
         A         93        TYR          2.4461          1.4862          1.7698          1.2515          4.7842               0        0.020861        0.033375               0               0         0.10263               0            -1.3               
         A         94        GLU          1.1721          1.1482         0.80508          1.0349          2.9001               0         0.18766         0.12922         0.27793          0.1058         0.41767        0.047224            -3.5               
         A         95        SER          3.1871         0.53975          3.4234         0.32768          3.7511          2.2572       0.0088961         0.01387               0               0        0.036804               0            -0.8               
         A         96        THR          1.4682          1.0491          1.3069         0.99282          2.7425               0          0.1298        0.081218         0.19117        0.055302         0.25541       0.0019112            -0.7               
         A         97        ASN          1.4787          1.2954            2.59         0.69359          3.4629               0         0.34779         0.13818          0.2956        0.040034         0.65395         0.16423            -3.5               
         A         98        ASN         0.35716         0.62054               0               0          1.5262               0         0.79437         0.19772         0.85173        0.080853          1.1265         0.42738            -3.5               
         A         99        SER         0.22118         0.49458               0               0          1.3271               0         0.72372         0.10222         0.79149        0.069199         0.86069         0.59082            -0.8               
         A        100        ASP         0.66979         0.67531         0.31248         0.54123          1.5414               0         0.51575         0.16223         0.60578         0.17849         0.81215         0.33588            -3.5               
         A        101        PHE          1.9198          1.4665          1.0943          1.0306          4.4039               0        0.052731        0.064397       0.0082651        0.020245         0.18408               0             2.8               
         A        102        TRP          1.8255          1.3978          1.1344           1.009          4.0685               0         0.21377           0.192         0.28908         0.17681         0.60306               0            -0.9               
         A        103        THR          1.3581          1.2434               0               0           3.014               0               0               0               0               0               0               0            -0.7               
         A        104        ALA          4.0601         0.56087          4.9857               0          4.9857          3.2629               0               0               0               0               0               0             1.8               
         A        105        VAL          1.9081          1.3277         0.50606         0.71567          3.4687               0        0.013492        0.021334               0               0        0.047224               0             4.2               
         A        106        ILE          1.3735          1.1651         0.37453          0.6487          3.0384               0        0.044367        0.021088        0.027986        0.011658        0.085404        0.016573             4.5               
         A        107        ALA          1.8952          1.1377          3.0131               0          3.0131               0        0.067448         0.04705        0.047224               0         0.14504        0.021556             1.8               
         A        108        VAL          3.4868         0.65323           3.788         0.13974          4.2791          2.2511        0.058245        0.035122        0.059058        0.035442         0.11443        0.011638             4.2               
         A        109        GLU          1.2078          1.1931         0.25038         0.50077          3.0994               0         0.42516         0.21019         0.58957         0.13339         0.81215         0.16423            -3.5               
         A        110        PRO         0.60741         0.70628               0               0          1.5344               0         0.52653         0.14217         0.50378          0.1093         0.70818          0.3445             1.6               
         A        111        HIS         0.14695         0.44085               0               0          1.4695               0          1.3626         0.43607          1.6718         0.24693          1.9771         0.70818            -3.2               
         A        112        VAL         0.40474         0.64176         0.50227         0.71032          1.5068               0          0.6058         0.13538         0.45766        0.022221         0.78118         0.43722             4.2               
         A        113        SER         0.20533         0.45914               0               0           1.232               0          1.2964         0.38876          1.8365        0.057888          1.8944         0.92961            -0.8               
         A        114        GLN         0.16253         0.45971               0               0          1.4628               0          1.8783         0.49942          2.2391         0.36647          2.7214           1.217            -3.5               
         A        115        THR         0.69889          0.8549               0               0          2.2401               0            1.11          0.2017          1.1118         0.23706          1.3682         0.79653            -0.7               
         A        116        ASN         0.18203          0.4816               0               0          1.4562               0          1.4731         0.35714          1.7695         0.28074          2.2061          1.1484            -3.5               
         A        117        ARG         0.23249         0.49366               0               0          1.3294               0         0.67091         0.16309         0.56612        0.097996         0.92961         0.41767            -4.5               
         A        118        GLN         0.16165         0.45722               0               0          1.4549               0          1.2322         0.46356          1.5831         0.32923          2.0647         0.75124            -3.5               
         A        119        TYR         0.96418         0.88785          1.1274         0.94781           2.371               0          0.3618         0.17929         0.23987        0.039017         0.69429         0.16423            -1.3               
         A        120        VAL         0.38427         0.61029               0               0          1.4524               0         0.81237         0.34227          1.1809         0.14891          1.3682         0.43722             4.2               
         A        121        LEU          2.5492          1.3248          3.6266          0.5131          4.2419               0         0.26683         0.18785         0.10332        0.049466         0.60306        0.057855             3.8               
         A        122        PHE         0.50888         0.67356         0.59066         0.68205          1.4631               0         0.39886          0.3703         0.16645         0.14961          1.1708        0.016573             2.8               
         A        123        GLY               0               0               0               0               0               0          1.8311         0.38096               0               0          2.3613          1.2901            -0.4               
         A        124        GLU         0.54483         0.81019               0               0           2.248               0          1.4024         0.31279          1.4724         0.33406          1.8944          0.9119            -3.5               
         A        125        ASN         0.18148         0.48014               0               0          1.4518               0          1.5908         0.37313           1.899         0.27767          2.3613          1.1265            -3.5               
         A        126        LYS         0.71413         0.83795         0.30368         0.60736          2.2537               0         0.66575         0.15125         0.53994        0.035052         0.92961           0.478            -3.9               
         A        127        GLN         0.16146         0.45669               0               0          1.4532               0          1.1917         0.28884          1.4392         0.10645           1.605         0.82805            -3.5               
         A        128        PHE         0.48248         0.63918         0.39162          0.6192          1.3727               0         0.49115         0.23147         0.32519        0.089685         0.82805         0.19769             2.8               
         A        129        ASN         0.17978         0.47566               0               0          1.4383               0          1.1817         0.37159          1.5445        0.087923          1.6718         0.72229            -3.5               
         A        130        VAL         0.58322          0.6787         0.51006         0.72134          1.5302               0         0.42474         0.17714         0.23321        0.010381         0.65395         0.22587             4.2               
         A        131        GLU         0.16068         0.45447               0               0          1.4461               0          0.9464         0.58023           1.393          0.3915          1.8548         0.31068            -3.5               
         A        132        ASN          1.9373          1.0665          2.6482          0.7884          3.7413               0         0.33766         0.14593         0.20398        0.036951         0.55521         0.16423            -3.5               
         A        133        SER               0               0               0               0               0               0          1.2385         0.37341          1.6731         0.22134          1.8944         0.70818            -0.8               
         A        134        SER         0.83193         0.88214         0.70489         0.70489          2.2489               0         0.69457          0.1344           0.554         0.12662         0.81215         0.42738            -0.8               
         A        135        ASP          0.1542         0.40798               0               0          1.2336               0          1.2969         0.52223          1.7039         0.45467          2.4733         0.79653            -3.5               
         A        136        LYS          1.5435          1.5286         0.30638         0.61276          3.9388               0         0.44308         0.16154         0.52859         0.10606         0.68063         0.19084            -3.9               
         A        137        TRP          1.8765          1.4907          1.1356          1.0113          4.7484               0         0.23446         0.15646         0.29741         0.14051         0.51013        0.041988            -0.9               
         A        138        LYS          2.1958          1.7526         0.80694           1.037          4.5133               0         0.14173         0.16564         0.25144         0.14929         0.49926               0            -3.9               
         A        139        PHE           2.081          1.3071           2.525           1.305          3.9913               0         0.01297        0.023282               0               0        0.063253               0             2.8               
         A        140        PHE         0.83699          1.1497               0               0          2.9516               0         0.15755         0.10486         0.21024        0.095805         0.35323        0.041988             2.8               
         A        141        GLU          1.1834          1.1596          0.2488         0.49761          2.9248               0        0.070757        0.087681       0.0033147       0.0066293         0.26302               0            -3.5               
         A        142        MET          2.3331          1.4695          1.1475          1.1975           3.953               0         0.13417         0.10137         0.17902         0.11747         0.33588        0.016573             1.9               
         A        143        PHE         0.47485         0.82204               0               0          2.4586               0         0.21543        0.088292         0.22125         0.10227         0.37104        0.068705             2.8               
         A        144        LYS         0.89716         0.83832         0.60832         0.74504           2.251               0         0.28347        0.074047         0.30052        0.078902         0.44721         0.19769            -3.9               
         A        145        GLY               0               0               0               0               0               0         0.58444         0.11832               0               0         0.75124         0.46759            -0.4               
         A        146        SER          1.0703         0.81719               0               0          2.2422               0          0.9415         0.29545          1.3442        0.079018          1.4232         0.64093            -0.8               
         A        147        SER         0.20545         0.45941               0               0          1.2327               0          1.0994         0.20457          1.3818         0.01361          1.3954          0.9119            -0.8               
         A        148        GLN               0               0               0               0               0               0          3.3195          1.6879           4.562          1.2739          5.9466          1.4517            -3.5               
         A        149        SER         0.20415         0.45649               0               0          1.2249               0          1.1882         0.11557          1.1379        0.032891          1.3954          1.0233            -0.8               
         A        150        ASP         0.15268         0.40396               0               0          1.2214               0          1.6379         0.73447          2.2687         0.49766          3.0076         0.81215            -3.5               
         A        151        PHE         0.71476         0.83117         0.73717         0.90532          2.3861               0         0.36394         0.32857         0.14303        0.092341           1.105        0.041988             2.8               
         A        152        SER          0.8398         0.88906               0               0          2.2587               0         0.83787         0.27072          1.1567          0.1334          1.2901         0.46759            -0.8               
         A        153        ASN         0.62667         0.84659         0.88971         0.94784          2.2416               0         0.73409         0.20266         0.63516         0.14452          1.1708         0.41767            -3.5               
         A        154        ARG         0.12071         0.38172               0               0          1.3278               0         0.85144         0.29538         0.92824         0.34502          1.4232         0.43722            -4.5               
         A        155        ARG         0.90726         0.89321          1.0608         0.97728          2.2987               0         0.32992         0.11027         0.29594         0.11072         0.48855          0.1326            -4.5               
         A        156        THR               0               0               0               0               0               0         0.34276        0.066517         0.38687        0.071194         0.46759         0.27072            -0.7               
         A        157        LEU          1.3387          1.1248          1.0011          1.0571           2.833               0        0.032313        0.042335               0               0         0.12647               0             3.8               
         A        158        THR          1.3618          1.2465               0               0          3.0084               0         0.20292         0.10598         0.31965        0.030179         0.36208        0.085404            -0.7               
         A        159        SER          2.7005         0.77667          3.3451        0.061553          3.4953          1.3308        0.084092        0.024745         0.05254       0.0053159         0.11443        0.047224            -0.8               
         A        160        ASN         0.18178         0.48096               0               0          1.4543               0         0.54608         0.19705         0.67446         0.11336         0.86069         0.20461            -3.5               
         A        161        ASN         0.35558         0.61771         0.37929         0.65694          1.5171               0         0.38016         0.11861         0.43271         0.14931         0.65395         0.26302            -3.5               
         A        162        ARG          0.6331         0.69827         0.40847         0.64814          1.5356               0          0.4395         0.27661         0.59261         0.23503          1.0038         0.14504            -4.5               
         A        163        LEU          1.4467          1.1705         0.38139         0.66058          2.7578               0         0.10296        0.081668         0.16879        0.057253         0.22587               0             3.8               
         A        164        VAL         0.93424         0.85217         0.50408         0.71288          2.2366               0               0               0               0               0               0               0             4.2               
         A        165        GLY         0.67247         0.67667               0               0          1.4514               0        0.032608        0.031321               0               0         0.07978       0.0019112            -0.4               
         A        166        MET          2.0229          1.2677          1.6246          1.2921          3.7968               0        0.016867        0.030785      0.00021235      0.00060062        0.085404               0             1.9               
         A        167        LEU          2.0098         0.98402          1.6459          1.0352          3.5056               0        0.016307        0.022254        0.030925        0.023549        0.068705               0             3.8               
         A        168        LYS          1.0697          1.0356         0.60871         0.74556           2.727               0        0.092477        0.068429         0.06509        0.061236         0.21161               0            -3.9               
         A        169        TYR         0.66431         0.81484         0.36572         0.63451           2.245               0         0.81636         0.52418          1.0331         0.51199          2.1575         0.17077            -1.3               
         A        170        GLY               0               0               0               0               0               0         0.88222        0.094382               0               0          1.0038         0.75124            -0.4               
         A        171        GLY               0               0               0               0               0               0          0.6357         0.04416               0               0         0.68063          0.5669            -0.4               
         A        172        ARG          1.1678          1.4612         0.22156         0.54272          3.9262               0          0.9871         0.70211          1.3751         0.59331          2.4164         0.15137            -4.5               
         A        173        VAL          1.4989            1.08          1.3465          1.0337          2.8354               0        0.063927        0.057718               0               0         0.13878               0             4.2               
         A        174        TRP         0.66902          1.0999               0               0          3.1057               0         0.31351         0.22969         0.40457         0.20984         0.72229        0.031671            -0.9               
         A        175        THR          1.0851          1.0079               0               0           2.483               0        0.039298        0.045025               0               0         0.12042               0            -0.7               
         A        176        PHE          1.8268          1.3934          2.4835          1.2646          3.7895               0        0.040027         0.04307        0.050046        0.050327          0.1326               0             2.8               
         A        177        HIS         0.76839         0.81192         0.44452         0.62873           2.252               0         0.47442         0.22784         0.60854         0.19007         0.86069         0.15137            -3.2               
         A        178        GLY         0.30839         0.53414               0               0          1.2335               0         0.39785         0.10949               0               0         0.54369         0.26302            -0.4               
         A        179        GLU         0.29842         0.56057               0               0          1.4498               0         0.74893         0.17555         0.86396         0.13727           1.084         0.51013            -3.5               
         A        180        THR         0.75663         0.90258         0.50605         0.71567          2.2549               0         0.39167         0.22812          0.2001        0.073603         0.76608        0.096829            -0.7               
         A        181        PRO         0.38515         0.61189               0               0          1.4595               0         0.92766         0.26261          1.1928         0.17612          1.3954         0.65395             1.6               
         A        182        ARG         0.13358          0.4224               0               0          1.4693               0          2.0178          1.0966          2.7187         0.72941          3.7363         0.68063            -4.5               
         A        183        ALA          1.6382          1.0982          3.2211               0          3.2211               0         0.41302         0.11612         0.19084               0         0.51013         0.19084             1.8               
         A        184        THR         0.51002         0.84247               0               0          2.2412               0         0.75148         0.33811          1.1239         0.10026          1.2652         0.32737            -0.7               
         A        185        THR         0.38355         0.60939               0               0          1.4544               0         0.55634         0.19477         0.46129         0.14777         0.94764         0.32737            -0.7               
         A        186        ASP          0.3348         0.58258               0               0           1.451               0         0.61106         0.24714          0.8224         0.13735          1.0233          0.2187            -3.5               
         A        187        SER         0.48069         0.67986         0.71295         0.71295          1.4583               0         0.59043         0.17472         0.75419         0.17542         0.92961         0.39864            -0.8               
         A        188        SER         0.81836         0.87359               0               0          2.2481               0          0.3023        0.057387         0.24046               0         0.37104         0.24046            -0.8               
         A        189        ASN         0.18262         0.48317               0               0           1.461               0          1.0642         0.57173          1.5058         0.51217          2.3613         0.57877            -3.5               
         A        190        THR          1.1252          1.0542          2.1825         0.44206          2.5299               0         0.54988         0.22901         0.30552        0.020278          0.9119         0.27851            -0.7               
         A        191        ALA               0               0               0               0               0               0          1.3131         0.34298          1.8944               0          1.8944         0.89452             1.8               
         A        192        ASP         0.61324         0.83509               0               0           2.249               0         0.77895         0.21584         0.95241        0.020066         0.98474         0.37104            -3.5               
         A        193        LEU          1.1302         0.95041          1.0017          1.0582          2.4858               0         0.27204         0.10687         0.23148         0.10622         0.45733        0.091087             3.8               
         A        194        ASN          0.1529         0.40454               0               0          1.2232               0          1.1724         0.43219          1.5694         0.22112          1.8162         0.61548            -3.5               
         A        195        ASN         0.33479         0.58306               0               0           1.461               0         0.89387         0.44044           1.277         0.29207          1.5728         0.38932            -3.5               
         A        196        ILE          3.5231         0.78689          4.2388         0.19288          4.4381          2.2225        0.094074         0.10121               0               0         0.25541               0             4.5               
         A        197        SER         0.60592         0.89334               0               0          2.4363               0         0.34396         0.20061         0.45687         0.20117         0.62811        0.074214            -0.8               
         A        198        ILE          3.2752         0.88405          3.7918         0.28697          4.2453          1.3271         0.11823        0.096054        0.034578        0.037896          0.2864               0             4.5               
         A        199        ILE          1.6769          1.4022         0.38192          0.6615          3.5482               0         0.32473         0.18135         0.48957        0.094597         0.59082        0.096829             4.5               
         A        200        ILE          2.6739           1.365          3.7391         0.49835          4.3896               0         0.12824         0.12874        0.015813        0.027389         0.36208               0             4.5               
         A        201        HIS         0.26884         0.54038               0               0          1.4648               0          0.4178          0.1267         0.44671         0.13918         0.66718         0.26302            -3.2               
         A        202        SER          0.9765         0.85105          1.1041         0.88173          2.2497               0         0.29445        0.092119          0.2547        0.077377         0.43722          0.1085            -0.8               
         A        203        GLU         0.71378          1.0487               0               0          2.5485               0         0.67982         0.42243         0.98869         0.30479          1.4232         0.13878            -3.5               
         A        204        PHE          2.4557          1.5221          1.6284          1.2733          4.4916               0         0.10482        0.084886        0.060762        0.054151          0.2864               0             2.8               
         A        205        TYR           1.772          1.7499         0.66362         0.91906          4.4852               0         0.33107         0.19992         0.42933         0.17051         0.72229        0.036804            -1.3               
         A        206        ILE           1.189          1.0417         0.75614         0.75614          2.8424               0         0.28666        0.065009         0.33552        0.048817         0.40809         0.19769             4.5               
         A        207        ILE          1.0511         0.86059         0.76185         0.76185          2.3849               0          0.1225        0.063429        0.087075        0.059108          0.2187        0.026589             4.5               
         A        208        PRO         0.94284         0.86029               0               0          2.2568               0           0.592         0.19244          0.7783         0.14377          0.9119         0.37104             1.6               
         A        209        ARG           0.133         0.42059               0               0           1.463               0         0.81981          0.4087         0.96886         0.44211          1.5728         0.44721            -4.5               
         A        210        SER               0               0               0               0               0               0          1.3032         0.32184          1.4959        0.014945          1.7786         0.81215            -0.8               
         A        211        GLN         0.71552         0.83862         0.30632         0.61264           2.248               0         0.87266         0.15607         0.94539         0.09838          1.0633         0.59082            -3.5               
         A        212        GLU         0.55869         0.82328               0               0          2.2374               0         0.45202         0.15083         0.36045         0.12295         0.70818         0.22587            -3.5               
         A        213        SER               0               0               0               0               0               0          1.0693         0.36977          1.5889         0.01608           1.605         0.76608            -0.8               
         A        214        LYS         0.28433         0.53247               0               0            1.33               0         0.67214         0.21042         0.81662         0.11503          0.9119         0.31897            -3.9               
         A        215        CYS          3.4615         0.99645          4.7243         0.49356          5.2179          2.2459        0.093114        0.070028        0.028928        0.028928         0.22587               0             2.5               
         A        216        ASN         0.94248         0.99763               0               0           2.423               0         0.38207         0.15294         0.52646        0.063007         0.62811         0.19769            -3.5               
         A        217        GLU         0.43476          0.8387               0               0          2.3904               0         0.90606         0.36781          1.2013         0.21218          1.4809         0.48855            -3.5               
         A        218        TYR          1.6888          1.3664         0.95914          1.0313          3.9071               0         0.39911         0.16718          0.4312          0.1873         0.69429         0.18408            -1.3               
         A        219        ILE          4.1037         0.56957          4.2485         0.51564          4.8067          3.1835        0.032845        0.040503               0               0         0.10263               0             4.5               
         A        220        ASN          1.0936         0.93103          0.8953         0.95114          2.4202               0         0.30679        0.083165         0.30886        0.017519         0.44721         0.17077            -3.5               
         A        221        ASN         0.18142         0.47999               0               0          1.4514               0         0.93153         0.25145          1.0816        0.078575           1.217         0.42738            -3.5               
         A        222        GLY         0.33242         0.57576               0               0          1.3297               0         0.84299         0.11034               0               0         0.96601         0.66718            -0.4               
         A        223        LEU         0.20756         0.50843               0               0           1.453               0         0.91253         0.44052         0.55106         0.12975          1.7421         0.38012             3.8               
