pdb_id: 5W0E
analysis type: bound
radii_file: C:\Users\choi\Desktop\PSAIA_output\amac_data\chothia.radii
ASA_zSice: 0.25
ASA_rSolvent: 1.4
CX_sRadius: 10
CX_vAtom: 20.1
radii_file: C:\Users\choi\Desktop\PSAIA_output\amac_data\hydrophobicity.hpb

  chain id|    res id|  res name|    average DPX|      s_avg DPX|   s-ch avg DPX| s-ch s_avg DPX|        max DPX|        min DPX|     average CX|       s_avg CX|    s-ch avg CX|  s-ch s_avg CX|         max CX|         min CX| Hydrophobicity|               
         A       1083        LYS         0.13666         0.38653               0               0          1.2299               0          3.3831          1.1195          3.6074          1.2043          5.5124          2.0203            -3.9               
         A       1084        ILE               0               0               0               0               0               0          2.2657         0.75127          2.7859         0.66974          3.7363          1.3682             4.5               
         A       1085        PHE           0.481         0.82562         0.54803         0.91215          2.4512               0         0.77299         0.16649         0.66331        0.079747           1.105         0.57877             2.8               
         A       1086        LYS          0.5841         0.86894               0               0          2.4028               0          1.9938          1.2665          2.9148         0.96323          4.3435         0.52115            -3.9               
         A       1087        PRO          0.2105         0.51562               0               0          1.4735               0         0.65223         0.23811         0.86072         0.17594           1.084         0.31068             1.6               
         A       1088        GLU         0.13718           0.388               0               0          1.2346               0          1.2851         0.38116          1.6001         0.19114          1.8162         0.81215            -3.5               
         A       1089        GLU         0.13761         0.38921               0               0          1.2385               0         0.82716         0.17521         0.91847        0.077915          1.0633         0.48855            -3.5               
         A       1090        LEU          1.4181         0.90467          1.0003          1.0567          2.4823               0         0.15691        0.089276          0.1026        0.039565         0.36208        0.057855             3.8               
         A       1091        ARG         0.26984         0.57254         0.21592         0.52889          1.5114               0         0.71279         0.44576         0.92422           0.429          1.7065         0.22587            -4.5               
         A       1092        GLN         0.14887         0.42106               0               0          1.3398               0          1.3258         0.52589          1.7325          0.3434          2.1104         0.72229            -3.5               
         A       1093        ALA         0.24807         0.49614               0               0          1.2403               0         0.37958        0.083573         0.36208               0         0.52115         0.27072             1.8               
         A       1094        LEU           3.572         0.71086          4.1676         0.16231          4.4379          2.2488        0.075633        0.064239        0.016204         0.01117         0.18408               0             3.8               
         A       1095        MET          1.1434          1.1858               0               0          2.7007               0         0.31955         0.07134         0.34601          0.0888         0.45733         0.24789             1.9               
         A       1096        PRO         0.20975         0.51377               0               0          1.4682               0         0.62127         0.15783         0.77767         0.10597         0.86069         0.43722             1.6               
         A       1097        THR          1.3068          0.9148          1.3027         0.99041          2.3997               0         0.17888        0.087517         0.15447        0.059686          0.3445         0.07978            -0.7               
         A       1098        LEU          1.7229          1.1298         0.99947          1.0559          3.2991               0         0.08853        0.054029        0.046652        0.036585         0.17077               0             3.8               
         A       1099        GLU         0.58172         0.87625               0               0           2.464               0         0.77943         0.23612         0.97046         0.09392           1.105         0.35323            -3.5               
         A       1100        ALA          1.8046          0.9896               0               0          2.7417               0         0.38825        0.094521         0.35323               0         0.52115          0.2864             1.8               
         A       1101        LEU          4.1136          1.0107          4.9361         0.65257          5.6367          2.8454        0.062318        0.067446               0               0         0.17077               0             3.8               
         A       1102        TYR         0.33115         0.76486               0               0          2.4562               0         0.37291         0.10571         0.35343        0.057809         0.57877         0.19769            -1.3               
         A       1103        ARG         0.12116         0.38315               0               0          1.3328               0          1.2205         0.36512          1.4479         0.23673          1.7065         0.65395            -4.5               
         A       1104        GLN         0.88237         0.83057         0.60536         0.74143          2.2621               0          0.4661         0.12239          0.4253          0.1465         0.60306         0.24789            -3.5               
         A       1105        ASP          0.1804          0.4773               0               0          1.4432               0          1.4729         0.36469          1.7646          0.1912          2.0203         0.86069            -3.5               
         A       1106        PRO         0.58277         0.67784               0               0          1.5261               0          1.0112         0.31594          1.2818         0.14111          1.4809         0.55521             1.6               
         A       1107        GLU           1.408          1.3456          0.3062          0.6124          3.4136               0         0.42436         0.21784         0.53948         0.21713         0.82805         0.17739            -3.5               
         A       1108        SER          3.1855         0.53616          3.5035         0.41978          3.9233          2.4174         0.25169        0.057025         0.28596        0.067266         0.35323         0.17077            -0.8               
         A       1109        LEU         0.37228         0.64494          0.3789         0.65628          1.5156               0         0.82633         0.35806          1.1349         0.25045          1.4809         0.45733             3.8               
         A       1110        PRO               0               0               0               0               0               0         0.38004        0.040975         0.39284          0.0247         0.43722         0.31068             1.6               
         A       1111        PHE          1.3012         0.89167          1.2963         0.91248          2.3942               0        0.086111          0.1087       0.0064255       0.0092504         0.27072               0             2.8               
         A       1112        ARG         0.73034          0.8515         0.40429          0.6409          2.4444               0          0.7136         0.25494         0.81371         0.26788          1.3954         0.43722            -4.5               
         A       1113        GLN         0.29903         0.56186               0               0          1.4562               0          1.1388         0.44447          1.4947         0.24888          1.8548         0.54369            -3.5               
         A       1114        PRO         0.20958         0.51336               0               0           1.467               0         0.82118         0.14523          0.9748        0.070675          1.0431         0.65395             1.6               
         A       1115        VAL         0.17634         0.43194               0               0          1.2344               0         0.38906         0.16847         0.23144        0.030147         0.68063         0.19084             4.2               
         A       1116        ASP         0.49023         0.87697               0               0          2.3996               0          1.2549         0.40023          1.6035         0.25236          2.0203         0.72229            -3.5               
         A       1117        PRO         0.94216         0.85896               0               0          2.2507               0         0.81676         0.18212         0.63382         0.04856           1.084          0.5669             1.6               
         A       1118        GLN          0.1375         0.38891               0               0          1.2375               0          2.3686         0.82028          2.8927         0.68542          3.6311          1.1708            -3.5               
         A       1119        LEU         0.15466         0.40919               0               0          1.2373               0          2.4885         0.52162          2.7817         0.57362          3.7363          1.8944             3.8               
         A       1120        LEU         0.18166         0.48064               0               0          1.4533               0          1.4453         0.34772          1.1283         0.18657          1.8944         0.81215             3.8               
         A       1121        GLY               0               0               0               0               0               0          1.8063         0.16215               0               0          2.0647          1.6379            -0.4               
         A       1122        ILE           1.039         0.85858         0.76346         0.76349          2.4031               0         0.87907          0.1854         0.81455         0.18239          1.1708         0.57877             4.5               
         A       1123        PRO            0.21         0.51438               0               0            1.47               0          1.2188         0.27405          1.5176         0.13352          1.7065         0.96601             1.6               
         A       1124        ASP         0.48955          0.8747               0               0          2.3877               0          1.0328          0.1532          1.0229          0.1929          1.2652         0.73665            -3.5               
         A       1125        TYR          1.8286          0.9777          1.6813          1.1233          3.1217               0         0.31561         0.18375          0.2049         0.10044         0.68063        0.074214            -1.3               
         A       1126        PHE         0.13268         0.41957               0               0          1.4595               0         0.78207         0.17349         0.72896         0.12124          1.1708         0.54369             2.8               
         A       1127        ASP         0.32156         0.55751               0               0           1.336               0          1.6482         0.34821          1.9186         0.19816          2.1104           1.105            -3.5               
         A       1128        ILE         0.52627         0.68371         0.38073         0.65944          1.5229               0         0.83849         0.11007         0.81232         0.12454          1.0233         0.70818             4.5               
         A       1129        VAL           1.322         0.95673          2.1867         0.46297          2.5241               0         0.49648         0.18557         0.30035        0.027269         0.73665         0.26302             4.2               
         A       1130        LYS         0.13728         0.38828               0               0          1.2355               0          1.7933         0.48974          2.1343         0.32924          2.6561          1.0038            -3.9               
         A       1131        ASN         0.48966          0.8764               0               0          2.4004               0          1.6414         0.85586           2.365         0.58457          2.8592          0.5669            -3.5               
         A       1132        PRO         0.42705         0.67533               0               0          1.5167               0         0.64189         0.15063         0.75796         0.10887         0.89452         0.41767             1.6               
         A       1133        MET         0.73823         0.99134          1.4765         0.93571          2.5808               0         0.21825        0.071275         0.24521         0.07851         0.37104         0.12042             1.9               
         A       1134        ASP          1.0918         0.92482         0.86517          0.9274          2.4186               0         0.27909         0.16755         0.43012         0.10228         0.55521         0.11443            -3.5               
         A       1135        LEU          3.5071         0.84327          4.1825         0.43539           4.613          2.4109        0.097578        0.059119        0.053502         0.03999         0.19769               0             3.8               
         A       1136        SER         0.24339         0.54424               0               0          1.4603               0         0.57656          0.1375         0.75891        0.022265         0.78118         0.40809            -0.8               
         A       1137        THR         0.75032         0.91846               0               0          2.3998               0         0.39478         0.13674         0.52795        0.068868         0.61548         0.20461            -0.7               
         A       1138        ILE          3.8947         0.78354          4.5598         0.31108          4.9805          2.4383        0.047108        0.043154         0.01464        0.017178         0.13878               0             4.5               
         A       1139        LYS         0.84171         0.99184               0               0           2.453               0         0.48735         0.30534         0.69901          0.2512          1.0233         0.12042            -3.9               
         A       1140        ARG         0.35719         0.78044               0               0          2.4031               0          1.3973         0.99102          1.8703          0.9609          3.7363         0.41767            -4.5               
         A       1141        LYS           0.847          1.0111         0.30727         0.61454          2.4487               0         0.34353        0.079391         0.36435        0.055283         0.44721          0.2187            -3.9               
         A       1142        LEU          1.0286         0.86738          1.3834         0.89043          2.4872               0        0.085914        0.092632      0.00047779      0.00082756         0.23312               0             3.8               
         A       1143        ASP         0.18233          0.4824               0               0          1.4587               0         0.70737         0.19809         0.83017         0.10781          1.0038         0.31897            -3.5               
         A       1144        THR         0.39414         0.62373         0.47587         0.67298          1.4276               0          1.0028         0.20706          1.1416         0.18381          1.3954         0.69429            -0.7               
         A       1145        GLY         0.30816         0.53375               0               0          1.2326               0         0.65337         0.10242               0               0         0.82805          0.5669            -0.4               
         A       1146        GLN         0.44857         0.61314         0.36568         0.55082          1.4641               0         0.85688         0.32109         0.93727         0.31978          1.5414         0.51013            -3.5               
         A       1147        TYR         0.76876         0.81599         0.81702         0.87337            2.39               0         0.10897         0.10291        0.044285        0.048557         0.30248               0            -1.3               
         A       1148        GLN         0.29904         0.56179               0               0          1.4544               0         0.73631         0.24854         0.94626         0.10367          1.0431         0.40809            -3.5               
         A       1149        GLU          1.3396          1.2649          0.3024         0.60479          3.1919               0         0.76049         0.42687          1.0948         0.27188          1.5108          0.2864            -3.5               
         A       1150        PRO         0.94411          0.8608               0               0          2.2559               0         0.25173        0.046347         0.25537        0.055988         0.32737         0.19084             1.6               
         A       1151        TRP        0.088725          0.3199               0               0          1.2422               0          1.2187         0.44936          1.4717         0.24042          1.8944         0.51013            -0.9               
         A       1152        GLN         0.43688         0.62092         0.24581         0.49162          1.4617               0         0.59796         0.24028         0.75355         0.18955          1.0633         0.27072            -3.5               
         A       1153        TYR          3.8181         0.79177          4.2958         0.41024          4.8009          2.2557        0.037799        0.059889               0               0         0.18408               0            -1.3               
         A       1154        VAL           1.317          1.1926               0               0          2.7664               0         0.31801        0.081699         0.35992        0.093861         0.45733          0.2187             4.2               
         A       1155        ASP          0.1829          0.4839               0               0          1.4632               0         0.74374         0.35342           1.067         0.19168          1.2901          0.3445            -3.5               
         A       1156        ASP          1.6112          1.1716          0.6928         0.69914          3.2777               0         0.18426        0.073016         0.17281        0.080741         0.30248        0.085404            -3.5               
         A       1157        VAL          3.7372         0.54599          4.0809         0.31751          4.5018          3.0622        0.042064        0.038589       0.0088629        0.012534         0.10263               0             4.2               
         A       1158        TRP         0.37314         0.75396               0               0          2.4573               0         0.52256         0.14778         0.59205         0.10667         0.76608         0.24046            -0.9               
         A       1159        LEU         0.68064         0.91539         0.37958         0.65746          2.4075               0         0.44267         0.13107         0.55183        0.089578         0.66718         0.26302             3.8               
         A       1160        MET          1.5183         0.99629          1.5192         0.99255          2.7653               0        0.044887        0.060303               0               0         0.17077               0             1.9               
         A       1161        PHE          3.6011         0.87411          4.2131         0.38217          4.7721          2.2502           0.104        0.070524        0.077269        0.072069         0.19084               0             2.8               
         A       1162        ASN         0.18165          0.4806               0               0          1.4532               0         0.65173         0.27731         0.91481         0.11459          1.0233         0.31897            -3.5               
         A       1163        ASN          1.0476         0.89076         0.86484         0.93614          2.2496               0          0.2302        0.075215         0.26469        0.084717         0.39864         0.15137            -3.5               
         A       1164        ALA         0.78174         0.99631               0               0          2.3901               0        0.092459        0.056108               0               0         0.15137               0             1.8               
         A       1165        TRP         0.28387         0.71704               0               0          2.4502               0         0.35409         0.10754         0.37173         0.10521         0.55521         0.19769            -0.9               
         A       1166        LEU         0.34407         0.59974         0.37771         0.65422          1.5109               0         0.65141          0.2087         0.79748         0.19855          1.1265         0.40809             3.8               
         A       1167        TYR         0.93276           1.007         0.66203         0.91553          2.5233               0         0.35594        0.083175         0.34294        0.092576         0.54369         0.24789            -1.3               
         A       1168        ASN         0.48945         0.63509         0.30685         0.53147          1.4525               0          0.2919         0.13936          0.1757        0.044121         0.51013         0.12647            -3.5               
         A       1169        ARG         0.33459         0.71688         0.40867         0.77326          2.2552               0          1.2081          0.5832          1.3122         0.59576          2.7214         0.61548            -4.5               
         A       1170        LYS         0.29912         0.56211               0               0          1.4586               0          1.5895         0.79545           2.117         0.71558          3.3416         0.89452            -3.9               
         A       1171        THR         0.20766         0.50867               0               0          1.4537               0          1.5302         0.36804          1.8799         0.27535          2.2562          1.0633            -0.7               
         A       1172        SER         0.66492         0.66713         0.71194         0.71194          1.4239               0         0.71408         0.15745         0.55719         0.10999         0.87746         0.44721            -0.8               
         A       1173        ARG         0.32536         0.71689               0               0          2.2441               0          1.7128          1.1502          2.3588         0.95062           3.434         0.33588            -4.5               
         A       1174        VAL          1.0055          1.2437               0               0          3.1203               0         0.18438         0.11845         0.19244         0.12351          0.3445        0.036804             4.2               
         A       1175        TYR          1.3845          1.2823          0.6626          0.9184          3.3768               0         0.40499         0.17193         0.50235         0.12511         0.76608         0.17739            -1.3               
         A       1176        LYS          0.1621          0.4585               0               0          1.4589               0         0.82733          0.5229          1.1973         0.42846          1.8548         0.32737            -3.9               
         A       1177        PHE          1.3796          1.1932         0.75787         0.94316          3.1232               0          0.4002         0.23938         0.54222         0.17659         0.76608         0.07978             2.8               
         A       1178        CYS          3.2347         0.52951          3.6406         0.14557          3.7924          2.3974        0.067299        0.021131        0.055509        0.018705         0.10263        0.036804             2.5               
         A       1179        SER         0.24294         0.54323               0               0          1.4576               0         0.43053         0.10396         0.53308        0.033818          0.5669         0.23312            -0.8               
         A       1180        LYS         0.43557         0.84039               0               0           2.396               0         0.60569         0.28643         0.79707         0.25088          1.0633          0.2864            -3.9               
         A       1181        LEU          3.9466         0.99923          4.8327         0.43672          5.2756          2.4463         0.03864        0.049357               0               0         0.15137               0             3.8               
         A       1182        ALA         0.79741          1.0195               0               0           2.456               0         0.29454         0.11104         0.30248               0         0.42738          0.1326             1.8               
         A       1183        GLU         0.43635         0.84236               0               0          2.4043               0          1.1913         0.59675          1.6217         0.47001          2.3613         0.54369            -3.5               
         A       1184        VAL          1.7909          1.2301         0.50467         0.71371          3.2159               0          0.3845        0.077499         0.32183        0.062324         0.51013         0.26302             4.2               
         A       1185        PHE          1.7235         0.94927           1.438          1.0072           2.859               0         0.11604        0.099955        0.047376        0.043375         0.27072               0             2.8               
         A       1186        GLU         0.13731         0.38837               0               0          1.2358               0          1.0415          0.4733          1.3692         0.37605          1.9771         0.38932            -3.5               
         A       1187        GLN         0.16197         0.45812               0               0          1.4577               0          1.1797         0.31062          1.3793         0.27593          1.8162         0.81215            -3.5               
         A       1188        GLU         0.45516         0.64742         0.30526         0.61053          1.5263               0         0.57989         0.16581         0.62949         0.19414         0.87746         0.35323            -3.5               
         A       1189        ILE           1.603          1.0055         0.75961         0.75972          2.6636               0         0.29694         0.15002         0.18452        0.067564          0.5669        0.096829             4.5               
         A       1190        ASP         0.66971          0.9018               0               0           2.377               0          1.3779         0.41102          1.7052         0.28235          1.8944         0.73665            -3.5               
         A       1191        PRO         0.20964         0.51351               0               0          1.4675               0          1.3787         0.15825          1.3665         0.19534           1.605          1.1265             1.6               
         A       1192        VAL         0.96929         0.89638         0.50616         0.71582          2.4046               0         0.61109         0.19049         0.39864        0.065456         0.81215         0.31068             4.2               
         A       1193        MET         0.72006         0.95993         0.44634         0.77309           2.452               0         0.86718         0.34037         0.60322         0.16157          1.4232         0.41767             1.9               
         A       1194        GLN         0.14853         0.42011               0               0          1.3368               0          2.3558          0.3568          2.5019         0.33726           3.168          1.7421            -3.5               
         A       1195        SER               0               0               0               0               0               0          1.7001         0.30387          1.3779         0.29389          1.9771           1.084            -0.8               
         A       1196        LEU         0.76363         0.94227          1.3388          1.0253          2.4904               0         0.91211         0.37878         0.50634         0.17637          1.3415         0.27851             3.8               
