pdb_id: 6F8P
analysis type: bound
radii_file: C:\Users\choi\Desktop\PSAIA_output\amac_data\chothia.radii
ASA_zSice: 0.25
ASA_rSolvent: 1.4
CX_sRadius: 10
CX_vAtom: 20.1
radii_file: C:\Users\choi\Desktop\PSAIA_output\amac_data\hydrophobicity.hpb

  chain id|    res id|  res name|    average DPX|      s_avg DPX|   s-ch avg DPX| s-ch s_avg DPX|        max DPX|        min DPX|     average CX|       s_avg CX|    s-ch avg CX|  s-ch s_avg CX|         max CX|         min CX| Hydrophobicity|               
         A        154        GLU               0               0               0               0               0               0          5.2838           2.106          6.8419          1.5441          9.4199          2.8592            -3.5               
         A        155        ASP               0               0               0               0               0               0          1.1758         0.50218         0.76467         0.18063          2.2061         0.57877            -3.5               
         A        156        PRO               0               0               0               0               0               0          1.1706         0.26445          1.3412         0.14294          1.5414         0.73665             1.6               
         A        157        HIS         0.78474          0.8254         0.22566         0.50459          2.2795               0         0.36653         0.10564         0.38532          0.0712          0.5669         0.19769            -3.2               
         A        158        LEU         0.33793         0.58747               0               0          1.4523               0         0.30506         0.12206         0.37092        0.095001         0.49926        0.091087             3.8               
         A        159        ARG         0.86414          1.0487         0.37914         0.59949          2.9319               0         0.29927         0.13145         0.37889        0.084278         0.49926        0.096829            -4.5               
         A        160        ASN           1.527           1.015           1.468         0.95611          2.7048               0        0.059608        0.033825        0.054513        0.026648         0.11443       0.0067513            -3.5               
         A        161        ARG          1.0493          1.0199          1.4368         0.99267          2.5194               0        0.035342        0.025103        0.025176        0.018011        0.096829               0            -4.5               
         A        162        PRO         0.73299          0.8845         0.51267         0.72502          2.2533               0         0.15299        0.042908         0.13412        0.041862         0.19769        0.091087             1.6               
         A        163        GLY               0               0               0               0               0               0         0.46842        0.069255               0               0         0.53233         0.35323            -0.4               
         A        164        LYS               0               0               0               0               0               0         0.77354         0.41161          1.0452          0.3663          1.5108          0.3445            -3.9               
         A        165        GLY         0.89175         0.95026               0               0          2.2478               0        0.099628        0.072849               0               0         0.20461               0            -0.4               
         A        166        HIS          1.2036          1.0964          0.8631         0.93133          2.9568               0         0.33632         0.29148         0.52989         0.21583         0.86069               0            -3.2               
         A        167        ASN          1.5992          1.1192          1.4541         0.94922          3.3221               0               0               0               0               0               0               0            -3.5               
         A        168        TYR          1.1897         0.92974          1.1501         0.97886           2.521               0          0.2213         0.20307         0.31734         0.18406         0.65395               0            -1.3               
         A        169        ILE         0.63988          0.8615         0.38478         0.66646           2.257               0         0.13558         0.10196        0.081951         0.02905          0.3445        0.047224             4.5               
         A        170        ASP               0               0               0               0               0               0         0.83215         0.20476         0.98068        0.035964          1.0233         0.41767            -3.5               
         A        171        GLY               0               0               0               0               0               0          1.0853          0.1135               0               0          1.1937         0.89452            -0.4               
         A        172        MET         0.32075         0.55605               0               0          1.3297               0         0.41625         0.18448         0.26569        0.074408         0.69429         0.14504             1.9               
         A        173        THR         0.20696         0.50694               0               0          1.4487               0           1.018         0.23623          1.2333         0.19644          1.5108         0.76608            -0.7               
         A        174        GLN               0               0               0               0               0               0          1.4418         0.41384           1.762          0.2364          2.1104         0.86069            -3.5               
         A        175        GLU         0.53705         0.80458          0.2483          0.4966          2.2594               0         0.39058         0.16615         0.28447         0.12488         0.61548        0.096829            -3.5               
         A        176        ASP          0.3397         0.59098         0.31202         0.54043          1.4695               0         0.63562         0.10859          0.6324          0.1473         0.79653         0.41767            -3.5               
         A        177        ALA               0               0               0               0               0               0          1.1791         0.29034          1.7065               0          1.7065         0.86069             1.8               
         A        178        THR         0.76431          0.9266         0.47742         0.67518          2.3908               0         0.58876         0.25731         0.76526         0.25013           1.105          0.2864            -0.7               
         A        179        CYS           2.354          1.2077         0.91009         0.91009           3.645               0         0.10236        0.055059        0.052942        0.021272         0.21161        0.031671             2.5               
         A        180        LYS         0.58117         0.87382               0               0          2.4517               0         0.71628         0.25904         0.81108         0.22683          1.1937         0.31068            -3.9               
         A        181        PRO         0.61346         0.71371               0               0           1.561               0         0.40079         0.16881         0.48174         0.14761         0.68063         0.18408             1.6               
         A        182        VAL          2.4729          1.4184          3.7931         0.62769           4.652               0        0.064351        0.048265        0.025152         0.03092          0.1326               0             4.2               
         A        183        THR          1.2746           1.153               0               0          2.7141               0         0.28092        0.067037         0.31098         0.06395         0.39864         0.16423            -0.7               
         A        184        TYR         0.94965          1.0098          1.2414          1.0359           2.405               0         0.40671         0.16125          0.3282        0.098617         0.75124         0.20461            -1.3               
         A        185        ALA               0               0               0               0               0               0          0.9031         0.18983          1.1484               0          1.1484         0.69429             1.8               
         A        186        GLY               0               0               0               0               0               0          1.1518          0.1771               0               0          1.3954         0.94764            -0.4               
         A        187        ALA               0               0               0               0               0               0         0.84833         0.28882          1.2408               0          1.2408         0.49926             1.8               
         A        188        CYS          1.4569         0.79141          2.3233          0.1817           2.505               0         0.20181         0.11793         0.05179        0.045039         0.37104       0.0067513             2.5               
         A        189        SER         0.88507         0.93577         0.70798         0.70798          2.3749               0         0.20386        0.068594         0.20788        0.062838         0.30248         0.12042            -0.8               
         A        190        SER          1.2483         0.98897         0.71006         0.71006          2.4537               0        0.014532        0.024939               0               0        0.068705               0            -0.8               
         A        191        PHE          3.4152         0.68305          3.9026         0.22775          4.3299          2.2658        0.045733        0.043105        0.039757        0.037454         0.11443               0             2.8               
         A        192        ASP         0.33934         0.59003         0.31346         0.54293          1.4609               0         0.46925         0.13636         0.55934         0.10322         0.66718         0.20461            -3.5               
         A        193        VAL         0.77636         0.93696         0.50064         0.70801          2.3998               0          0.3363        0.079925         0.29184        0.099329         0.40809         0.15137             4.2               
         A        194        LEU          1.8601          1.1541         0.99767          1.0516          3.0991               0        0.097326         0.10251       0.0041433       0.0071764         0.27072               0             3.8               
         A        195        LEU         0.37376         0.64759         0.38231         0.66218          1.5292               0          0.4421         0.20042         0.32023         0.14052         0.78118         0.19084             3.8               
         A        196        GLU         0.39839         0.77617               0               0          2.2523               0          1.1388          0.1843          1.2024         0.13873          1.3954         0.75124            -3.5               
         A        197        LYS         0.16249          0.4596               0               0          1.4624               0          1.9224         0.28725          2.0433         0.26199          2.4164          1.5108            -3.9               
         A        198        GLY               0               0               0               0               0               0          1.4418         0.10404               0               0          1.5728          1.3155            -0.4               
         A        199        LYS         0.28579         0.53518               0               0          1.3355               0          1.1581         0.50024          1.4297         0.49159          2.2562         0.53233            -3.9               
         A        200        PHE          1.4199          1.1587         0.76717          0.9528          2.8476               0         0.27265         0.13095         0.18815        0.069794         0.53233        0.096829             2.8               
         A        201        PRO         0.21116         0.51723               0               0          1.4781               0          0.7489         0.20588         0.95336         0.14877           1.105         0.54369             1.6               
         A        202        LEU         0.99445           1.048          1.0024          1.0602           2.493               0         0.34103         0.10006         0.28226        0.068947         0.53233         0.19084             3.8               
         A        203        PHE          1.7769         0.96151          1.4906           1.058          2.7749               0        0.065705        0.080121       0.0085547        0.011345          0.2187               0             2.8               
         A        204        GLN         0.30934         0.58002         0.26189         0.52379          1.4746               0         0.49932         0.18688         0.64178          0.1218         0.86069         0.24046            -3.5               
         A        205        SER               0               0               0               0               0               0         0.73231         0.25974          1.0309         0.23433          1.2652         0.48855            -0.8               
         A        206        TYR         0.57679         0.68539         0.54374         0.70287          1.5319               0         0.27063         0.10568         0.30119        0.081222           0.478        0.063253            -1.3               
         A        207        ALA          1.0157         0.88719               0               0          2.2636               0        0.080398        0.044304        0.085404               0         0.16423        0.041988             1.8               
         A        208        HIS          0.5375         0.65997         0.44711         0.63239          1.4495               0        0.093785        0.054804         0.12629        0.045461         0.18408        0.016573            -3.2               
         A        209        HIS         0.95816         0.83069         0.70602         0.70941          2.3835               0        0.040575        0.026402        0.045427        0.029408         0.07978       0.0067513            -3.2               
         A        210        ARG          1.9943          1.3759          1.5311          1.4868          3.7376               0         0.12795         0.15333         0.19034          0.1616           0.478               0            -4.5               
         A        211        THR         0.92712         0.85049         0.47917         0.67765           2.262               0               0               0               0               0               0               0            -0.7               
         A        212        LEU            1.14          0.9562          1.0131          1.0683          2.5057               0       0.0014548       0.0038491               0               0        0.011638               0             3.8               
         A        213        LEU          1.2057          1.0226         0.76448         0.76449          2.7066               0       0.0070419        0.017205      0.00095558      0.00095558        0.052513               0             3.8               
         A        214        GLU          1.9849          1.4191          3.0321         0.88676          3.9049               0        0.027535         0.04751       0.0013503       0.0027005          0.1326               0            -3.5               
         A        215        ALA           3.128         0.67363          4.2527               0          4.2527          2.2551         0.13299        0.088854        0.085404               0         0.29439        0.041988             1.8               
         A        216        VAL          1.5863          1.1946          1.3641          1.0546          3.3717               0         0.21911         0.14557         0.15012        0.059474         0.53233        0.068705             4.2               
         A        217        HIS         0.54596          0.6704         0.45783         0.64748          1.4636               0         0.33132         0.16217         0.26454        0.082933         0.72229         0.15776            -3.2               
         A        218        ASP          0.3388         0.58968         0.30978         0.53655          1.4713               0         0.55048         0.23259         0.39334        0.074426          1.0431          0.2864            -3.5               
         A        219        THR         0.19198         0.47024               0               0          1.3438               0          1.3854         0.37409          1.7925        0.062822          1.8548         0.92961            -0.7               
         A        220        ILE         0.35524         0.61704         0.37842         0.65545          1.5137               0         0.40927         0.13327         0.35579        0.079741         0.68063         0.24789             4.5               
         A        221        ILE         0.87206          0.9369          1.4097         0.91758          2.5715               0         0.24261         0.17371        0.091414        0.043062         0.53233        0.021556             4.5               
         A        222        ALA         0.71796         0.92612               0               0          2.2545               0         0.68511         0.22903           1.084               0           1.084         0.44721             1.8               
         A        223        LYS         0.30054         0.56503               0               0          1.4711               0         0.70417         0.22331         0.71181         0.22063          1.0633         0.39864            -3.9               
         A        224        ALA         0.29208         0.58415               0               0          1.4604               0         0.63612         0.22999         0.38932               0         0.98474         0.38932             1.8               
         A        225        ASP               0               0               0               0               0               0          2.2612          1.1415          3.2256         0.83261          4.4841          0.9119            -3.5               
         A        226        PRO         0.36737         0.58169               0               0          1.3439               0          1.1964         0.27274          1.3797        0.078338          1.4809         0.68063             1.6               
         A        227        PRO         0.42982         0.67975               0               0          1.5306               0         0.79037         0.35334           1.091         0.20311          1.2901         0.29439             1.6               
         A        228        SER               0               0               0               0               0               0         0.46288         0.13501         0.42884         0.12636         0.68063         0.30248            -0.8               
         A        229        CYS         0.67942         0.68454         0.75926         0.75926          1.5185               0         0.35618        0.062112         0.36353         0.04456         0.42738         0.24046             2.5               
         A        230        ASP         0.15453         0.40885               0               0          1.2362               0         0.74536         0.25406         0.93399         0.23555          1.3155         0.52115            -3.5               
         A        231        LEU         0.96882           1.017         0.99337          1.0513          2.4733               0         0.25377         0.19004        0.086447        0.065082         0.57877       0.0067513             3.8               
         A        232        GLN         0.14769         0.41774               0               0          1.3292               0         0.86851         0.24583         0.78756         0.13293          1.3954         0.55521            -3.5               
         A        233        SER         0.42756          0.6053               0               0          1.3311               0          1.6835         0.26446          1.7701          0.1651          1.9771          1.1708            -0.8               
         A        234        ALA         0.24714         0.49428               0               0          1.2357               0            3.05         0.33569          3.6311               0          3.6311          2.5931             1.8               
         A        235        HIS               0               0               0               0               0               0          5.2837          2.1821          6.9012          1.1243          8.0608          2.3613            -3.2               
         A        236        GLY               0               0               0               0               0               0          1.4894          0.2037               0               0          1.8162          1.2652            -0.4               
         A        237        ASN         0.45199         0.81512         0.90398          0.9593           2.262               0         0.67639         0.25628         0.45639         0.15034          1.0633         0.31897            -3.5               
         A        238        PRO               0               0               0               0               0               0         0.84314         0.10454         0.89675        0.065407         0.98474         0.70818             1.6               
         A        239        CYS          0.8204         0.87582               0               0           2.254               0         0.35015         0.10793         0.22228       0.0035844         0.52115          0.2187             2.5               
         A        240        MET         0.63005         0.85003               0               0          2.2457               0         0.58665          0.1432         0.51253         0.15533         0.75124          0.3445             1.9               
         A        241        LYS         0.13823         0.39098               0               0          1.2441               0          1.5601         0.77189          2.1105         0.61636          3.0076         0.73665            -3.9               
         A        242        GLU         0.29706           0.558               0               0           1.443               0         0.30864         0.12021         0.26582        0.040105         0.60306         0.20461            -3.5               
         A        243        LYS          1.6415         0.99428          1.1128         0.97611          2.8992               0         0.17415        0.091521         0.10943         0.04857         0.32737        0.052513            -3.9               
         A        244        LEU          0.6885         0.92788         0.38488         0.66663          2.4508               0         0.73241         0.23875         0.93455         0.16364          1.1708         0.43722             3.8               
         A        245        VAL         0.96717         0.89336         0.50068         0.70807          2.3932               0         0.37083         0.10235         0.34254         0.11515         0.53233         0.22587             4.2               
         A        246        MET         0.49438         0.88667               0               0          2.4377               0         0.15865         0.10578        0.065468        0.049041         0.32737        0.011638             1.9               
         A        247        LYS         0.14642         0.41415               0               0          1.3178               0         0.88252         0.62001          1.2791         0.57941          2.2562         0.31897            -3.9               
         A        248        THR         0.20328         0.49794         0.47433          0.6708           1.423               0         0.32154         0.15409         0.15563       0.0030153         0.54369         0.15137            -0.7               
         A        249        HIS          0.1232          0.3696               0               0           1.232               0         0.95895         0.40653          1.2599          0.2084          1.5728         0.38932            -3.2               
         A        250        CYS           2.135           1.263          3.4838          0.5033          3.9871               0         0.30125         0.16783        0.098681        0.072092         0.54369        0.026589             2.5               
         A        251        PRO         0.60018         0.69759         0.50261          0.7108          1.5078               0         0.42489         0.11779         0.43767         0.11962          0.5669         0.25541             1.6               
         A        252        ASN         0.15481         0.40958               0               0          1.2385               0         0.76036         0.30479          1.0098         0.22648          1.3415         0.42738            -3.5               
         A        253        ASP          1.2891          1.0998         0.31142          0.5394          2.7763               0         0.52764         0.31175         0.80578           0.194           1.084         0.20461            -3.5               
         A        254        TYR          2.5781           1.563          1.7763          1.2559          4.8287               0        0.095131        0.074025         0.13083        0.063658         0.24046               0            -1.3               
         A        255        GLN          2.6236          1.7668           1.279          1.1576           4.887               0         0.21543         0.20366          0.3631         0.15879         0.59082        0.016573            -3.5               
         A        256        SER          2.3725          1.3264         0.71098         0.71098          3.7733               0        0.025685        0.036642        0.077055       0.0083493        0.085404               0            -0.8               
         A        257        ALA          3.8077         0.41543          3.7674               0          4.2331           3.032        0.015114        0.018042               0               0        0.041988               0             1.8               
         A        258        HIS          1.3902          1.0442          1.2454         0.98526          2.7905               0        0.045141        0.046373        0.016387        0.022048          0.1326               0            -3.2               
         A        259        TYR          1.4127         0.91163          1.4452         0.93315          2.4163               0        0.044817        0.029291        0.039149        0.026316        0.085404               0            -1.3               
         A        260        LEU          3.3743         0.71215          3.9131         0.39489          4.3374          2.3922        0.012803        0.017583               0               0        0.052513               0             3.8               
         A        261        ASN         0.97298         0.80309          0.6918         0.69799          2.2323               0         0.22538        0.070715         0.27877        0.053759         0.36208         0.11443            -3.5               
         A        262        ASN         0.60334         0.82838          0.3087         0.53468          2.2575               0         0.40308         0.13302         0.45356         0.15877         0.70818         0.27072            -3.5               
         A        263        ASP         0.33507         0.58321               0               0          1.4554               0         0.84111         0.33649          1.1208         0.25429          1.4517         0.48855            -3.5               
         A        264        GLY         0.36223         0.62741               0               0          1.4489               0         0.19482        0.026074               0               0         0.23312         0.17077            -0.4               
         A        265        LYS          1.3358          1.3594         0.30288         0.60576          3.4786               0          0.6106          0.3915         0.89874         0.29737          1.2901         0.20461            -3.9               
         A        266        MET          1.7615          1.1541          1.8957          1.1765          2.9002               0        0.097264        0.068288        0.037915        0.041843         0.19084               0             1.9               
         A        267        ALA          1.0068         0.89037               0               0          2.2782               0        0.067256        0.028183         0.11443               0         0.11443        0.026589             1.8               
         A        268        SER          1.3319          1.0525         0.70185         0.70185          2.6993               0        0.077138        0.034284         0.10034         0.02613         0.12647        0.041988            -0.8               
         A        269        VAL          2.3295           1.144          1.3167          1.0134           3.612               0        0.021996        0.017295        0.013996        0.019793        0.041988               0             4.2               
         A        270        LYS         0.43926         0.84908               0               0          2.4298               0         0.31812         0.17308         0.42535         0.15766         0.66718         0.10263            -3.9               
         A        271        CYS           1.541          1.3738          3.2015         0.71114          3.9126               0         0.22604         0.12251        0.092164        0.034309         0.38932        0.057855             2.5               
         A        272        PRO         0.55995         0.91619               0               0          2.4007               0         0.62915         0.14152         0.69061          0.1578         0.89452         0.44721             1.6               
         A        273        PRO          0.4239         0.67034               0               0          1.5042               0          1.4551         0.43503          1.9016         0.25118          2.2562          1.0038             1.6               
         A        274        LYS         0.46376         0.65844         0.29598         0.59195          1.4799               0         0.83769         0.16422         0.91746         0.10279          1.0633         0.59082            -3.9               
         A        275        TYR           1.762          1.4445          1.1045          1.2886          3.8212               0         0.73264         0.45139         0.95258         0.39059          1.6379         0.15776            -1.3               
         A        276        GLU          2.7787          1.3798          1.8987           1.227          4.4285               0         0.19488         0.17177          0.3083         0.14413         0.54369               0            -3.5               
         A        277        LEU          1.4597         0.96053          1.6142          1.0131          2.4804               0        0.019264        0.033626               0               0        0.085404               0             3.8               
         A        278        THR           0.924         0.85143         0.47621         0.67346          2.2576               0         0.41955         0.17988         0.60733        0.015518         0.62811         0.14504            -0.7               
         A        279        GLU               0               0               0               0               0               0         0.89674         0.30581          1.1499         0.14896          1.3415         0.52115            -3.5               
         A        280        ASP         0.30854         0.53445         0.31177            0.54          1.2471               0         0.62118         0.15816         0.74113          0.1194          0.9119         0.41767            -3.5               
         A        281        CYS          3.1308         0.56038          3.3181         0.33763          3.9704          2.2523         0.10081        0.058491        0.095649        0.043136         0.20461        0.041988             2.5               
         A        282        ASN          1.1147          0.9515         0.90752         0.96232          2.4966               0         0.43609        0.094802         0.49577        0.082185         0.60306         0.27072            -3.5               
         A        283        PHE         0.46112           0.783               0               0          2.2683               0         0.92328         0.52526          1.2641         0.33158          1.7786         0.19084             2.8               
         A        284        CYS          1.3834          1.1677          2.8122         0.34732          3.1595               0         0.33015         0.16218         0.19334        0.054553         0.64093         0.13878             2.5               
         A        285        ARG         0.45494         0.77127               0               0          2.2237               0         0.71159         0.22415         0.82804         0.17873           1.217          0.3445            -4.5               
         A        286        GLN         0.29863         0.56128               0               0          1.4581               0          1.6504         0.86748          2.2679         0.69471           3.168         0.69429            -3.5               
         A        287        MET         0.41906         0.72953         0.83812         0.84452           1.823               0           1.009         0.30061         0.97939         0.27322          1.5108         0.64093             1.9               
         A        290        ALA               0               0               0               0               0               0          3.1684         0.57483          3.9618               0          3.9618          2.3079             1.8               
         A        291        SER               0               0               0               0               0               0          1.6366         0.45698          2.0699         0.29131          2.3613          1.0233            -0.8               
         A        292        LEU          0.3746         0.64897         0.38135         0.66052          1.5254               0         0.49173         0.21388         0.30027        0.048828         0.84423         0.23312             3.8               
         A        293        LYS         0.47246         0.67247         0.60414         0.73992          1.5165               0         0.46406         0.11709         0.49559          0.1318         0.70818         0.30248            -3.9               
         A        294        LYS         0.13755         0.38904               0               0          1.2379               0         0.73842         0.52728          1.0897           0.462          1.7065         0.17739            -3.9               
         A        295        GLY          1.3351         0.85878               0               0          2.3973               0        0.072947        0.040623               0               0         0.13878        0.036804            -0.4               
         A        296        SER          3.3077         0.55437          3.1004         0.21839          4.0741          2.3774        0.014674       0.0088942        0.011662        0.004911        0.026589               0            -0.8               
         A        297        TYR          2.0072          1.5299          1.2984          1.2539          4.7458               0         0.11612          0.1022         0.16462        0.092647         0.37104       0.0067513            -1.3               
         A        298        PRO         0.60281         0.70112         0.50979         0.72095          1.5294               0        0.062159        0.022349        0.047224               0         0.11443        0.047224             1.6               
         A        299        LEU         0.70017         0.94638          1.4003         0.90045          2.5133               0        0.084679        0.048474        0.055482         0.01793         0.17739        0.031671             3.8               
         A        300        GLN         0.55063         0.81447         0.99114         0.87032          2.2121               0        0.064755        0.043021        0.050516        0.041076         0.12647               0            -3.5               
         A        301        ASP          1.0692         0.89793         0.87498         0.94046           2.247               0         0.17098        0.096146         0.25639        0.060977         0.35323        0.074214            -3.5               
         A        302        LEU         0.52617         0.68322         0.37997         0.65813          1.5199               0       0.0060553         0.01223       0.0029096       0.0050396        0.036804               0             3.8               
         A        303        PHE          1.4667          1.0013          1.4562          1.0202          2.5332               0        0.013342        0.019211        0.020966        0.020496        0.052513               0             2.8               
         A        304        CYS          1.1739         0.97321          2.1765         0.64565          2.8222               0        0.016246        0.018409        0.020994        0.020994        0.041988               0             2.5               
         A        305        GLN         0.81956         0.95843               0               0          2.2711               0         0.14615        0.045237         0.14057        0.045316         0.19769         0.07978            -3.5               
         A        306        SER               0               0               0               0               0               0          0.5324         0.18998         0.78964        0.038404         0.82805         0.30248            -0.8               
         A        307        SER         0.66054         0.96785          1.9816         0.43857          2.4202               0         0.60845         0.15786         0.42292        0.024282         0.81215         0.39864            -0.8               
         A        308        GLU          0.1614         0.45651               0               0          1.4526               0          1.6906         0.53572          2.1228          0.2743          2.6561         0.89452            -3.5               
         A        309        ASP          0.4492         0.81106               0               0          2.2549               0         0.66261         0.10774         0.62716        0.095415         0.81215         0.52115            -3.5               
         A        310        ASP         0.33675         0.58585               0               0          1.4567               0          1.0275         0.32963          1.3423         0.13208          1.5414         0.65395            -3.5               
         A        311        GLY          1.2572         0.80553               0               0          2.2428               0         0.53488        0.061678               0               0         0.60306         0.43722            -0.4               
         A        312        SER         0.20674         0.46228               0               0          1.2404               0          1.3241         0.24566          1.5969         0.14517          1.7421         0.96601            -0.8               
         A        313        LYS               0               0               0               0               0               0          2.1774          1.1408          3.0222          0.8477          3.9618         0.89452            -3.9               
         A        314        LEU         0.69571         0.70032         0.74886         0.74915          1.5269               0         0.39938         0.16937         0.24597        0.069258         0.68063         0.18408             3.8               
         A        315        LYS         0.13565         0.38366               0               0          1.2208               0         0.83837          0.2651          1.0478          0.1638          1.2901         0.52115            -3.9               
         A        316        THR         0.60812         0.70718         0.51761         0.73202          1.5528               0         0.32939         0.11905         0.21558        0.044837         0.54369         0.17739            -0.7               
         A        317        LYS               0               0               0               0               0               0          1.1717         0.63833           1.627         0.51362          2.3079         0.49926            -3.9               
         A        318        MET         0.73576         0.98617          1.4715         0.92863          2.5585               0         0.43908         0.20542         0.24214        0.065593         0.70818         0.14504             1.9               
         A        319        LYS         0.13731         0.38836               0               0          1.2358               0          2.6765          1.8683          3.8656          1.7571          7.0153          1.0431            -3.9               
         A        320        GLY               0               0               0               0               0               0         0.82597          0.2346               0               0          1.1484          0.5669            -0.4               
         A        321        VAL          2.1652          1.2569          3.4004         0.24142          3.6393               0         0.34403         0.13209         0.23432        0.086716          0.5669          0.1326             4.2               
         A        322        CYS          1.1464         0.86993         0.90652         0.90652          2.2866               0          0.3947        0.057555         0.38484        0.013802         0.51013         0.31897             2.5               
         A        323        GLU          1.0521          1.2342               0               0          3.1362               0         0.49172         0.30416          0.7304         0.18973         0.96601          0.1085            -3.5               
         A        324        VAL          3.5336         0.72638          4.2053         0.31474          4.6397          2.4059        0.097787        0.082691       0.0094039       0.0069481         0.20461               0             4.2               
         A        325        GLY         0.68015         0.68457               0               0          1.4702               0         0.24937         0.12645               0               0         0.42738        0.096829            -0.4               
         A        326        VAL               0               0               0               0               0               0         0.55848         0.20277         0.46485        0.032272          1.0038         0.33588             4.2               
         A        327        GLN         0.28553         0.53473               0               0          1.3362               0         0.43857         0.15065         0.32725        0.080897         0.72229         0.21161            -3.5               
         A        328        ALA         0.29221         0.58443               0               0          1.4611               0           1.082         0.15074          1.3415               0          1.3415          0.9119             1.8               
         A        329        LEU         0.35854         0.62337         0.38565         0.66797          1.5426               0         0.62434         0.29355         0.37386         0.10324          1.1708         0.27072             3.8               
         A        330        LYS          0.1702         0.48141         0.30637         0.61273          1.5318               0          1.2033         0.20118           1.106         0.10557          1.5414          1.0038            -3.9               
         A        331        LYS         0.13747         0.38881               0               0          1.2372               0           3.322          1.7481          4.5395          1.4552          6.7184          1.5108            -3.9               
         A        332        CYS               0               0               0               0               0               0          1.0219         0.24285         0.70259        0.048646          1.3155         0.65395             2.5               
         A        333        ASP               0               0               0               0               0               0          3.0006          1.0414          3.7591         0.96951          5.3151          1.8944            -3.5               
         A        334        GLY               0               0               0               0               0               0          1.6931         0.18323               0               0          1.9352          1.4232            -0.4               
         A        335        GLN         0.13732         0.38839               0               0          1.2358               0          2.7717          1.2979          3.7145          1.0028          4.7888          1.4232            -3.5               
         A        336        LEU         0.18154          0.4803               0               0          1.4523               0          0.9232         0.29423         0.66865        0.048976          1.4809         0.59082             3.8               
         A        337        SER         0.22196         0.49633               0               0          1.3318               0         0.97185         0.19033          1.1345         0.13068          1.2652         0.70818            -0.8               
         A        338        THR         0.20906         0.51208               0               0          1.4634               0          1.2186         0.20781          1.1816         0.08449          1.6379         0.94764            -0.7               
         A        339        ALA         0.24697         0.49393               0               0          1.2348               0         0.98211         0.27706          1.3155               0          1.3155         0.54369             1.8               
         A        340        HIS         0.40521         0.62112         0.22489         0.50287          1.4668               0         0.93715         0.16927         0.95759         0.17405          1.1937         0.68063            -3.2               
         A        341        GLU         0.55963         0.82556               0               0          2.2493               0         0.56036         0.10832          0.5632          0.1112         0.69429         0.38932            -3.5               
         A        342        VAL         0.38436         0.61106               0               0          1.4646               0           0.751         0.19207         0.94258         0.11413          1.0233           0.478             4.2               
         A        343        VAL         0.98672         0.90245         0.51007         0.72134            2.39               0         0.18737        0.070333         0.13313         0.05323          0.2864        0.057855             4.2               
         A        344        PRO          1.7327          1.3016         0.50769         0.71798          3.4483               0         0.25828        0.094574         0.34585        0.042199         0.38012          0.1326             1.6               
         A        345        PHE          4.4143         0.59756          4.0654         0.27076          5.7718          3.5902        0.015944        0.021457       0.0092873        0.012828        0.057855               0             2.8               
         A        346        ALA          4.7394           0.506          4.3382               0          5.4568          4.0234               0               0               0               0               0               0             1.8               
         A        347        VAL           2.433          1.2135          1.3722          1.0615          3.8113               0        0.023582        0.021468        0.042314        0.018332        0.057855               0             4.2               
         A        348        PHE          3.3396          1.5318          4.3408         0.52629          5.0393               0         0.06328        0.061185        0.035365        0.038272         0.19084               0             2.8               
         A        349        LYS         0.56072         0.82806               0               0          2.2618               0         0.98468         0.70189           1.433         0.65178          2.3613         0.24789            -3.9               
         A        350        ASN               0               0               0               0               0               0          1.1237         0.44638          1.5278         0.24147          1.8162         0.59082            -3.5               
         A        351        SER         0.88662         0.94929          1.9895         0.45256          2.4421               0         0.34973         0.11018         0.22786        0.082817         0.48855         0.14504            -0.8               
         A        352        LYS          0.7299          1.0765               0               0          2.6793               0         0.73072         0.59353          1.1038         0.55661          1.9352         0.12042            -3.9               
         A        353        LYS          1.3556          1.0807          1.1313         0.99457           2.876               0          0.0673        0.069321       0.0094447        0.018889         0.18408               0            -3.9               
         A        354        VAL          1.7897          1.2477         0.50309         0.71147          3.3389               0        0.077686        0.034485        0.099844        0.034281          0.1326        0.031671             4.2               
         A        355        TYR          1.6705          1.1262          1.7073          1.1462          3.2155               0        0.056548        0.068935        0.019424        0.022415         0.23312               0            -1.3               
         A        356        LEU         0.83397         0.90105         0.99679          1.0557          2.4853               0         0.17408        0.089005         0.10435        0.044294         0.32737        0.057855             3.8               
         A        357        ASP         0.15316         0.40522               0               0          1.2253               0         0.82011         0.27489         0.94583          0.2338          1.3415         0.38932            -3.5               
         A        358        LYS         0.13684         0.38705               0               0          1.2316               0          1.7567          1.1408           2.587         0.87854          3.9618         0.51013            -3.9               
         A        359        LEU         0.52414         0.68069         0.37684         0.65271          1.5074               0         0.57607         0.27055         0.35699         0.13344          1.0633         0.20461             3.8               
         A        360        ASP         0.63341         0.85551               0               0          2.2635               0         0.93167         0.40381          1.2586          0.3072          1.7065         0.43722            -3.5               
         A        361        LEU         0.36983         0.64062         0.37415         0.64805          1.4966               0         0.50647         0.28394         0.26469         0.13088         0.98474         0.10263             3.8               
         A        362        LYS         0.54959         0.81693               0               0          2.2649               0         0.77463         0.23986         0.94972         0.16343          1.2408         0.41767            -3.9               
         A        363        THR         0.21004          0.5145               0               0          1.4703               0         0.73326         0.17986         0.59276        0.055932           1.105         0.53233            -0.7               
         A        364        GLU         0.39757         0.77535               0               0          2.2536               0          1.3559         0.45449          1.7032         0.29068          2.1575         0.76608            -3.5               
         A        365        GLU         0.16183         0.45772               0               0          1.4564               0          1.1885         0.22438          1.2619          0.2151          1.5108         0.87746            -3.5               
         A        366        ASN         0.14784         0.39116         0.29569         0.51215          1.1828               0         0.78617         0.16258         0.84089         0.15938           1.105         0.52115            -3.5               
         A        367        LEU         0.18141         0.47998               0               0          1.4513               0          0.6529         0.13527         0.70209         0.16024         0.94764         0.49926             3.8               
         A        368        LEU         0.66037         0.89952               0               0           2.414               0         0.99644          0.3826           1.319          0.2369          1.7065         0.45733             3.8               
         A        369        PRO         0.42354          0.6697               0               0          1.4935               0          0.7208         0.33342          1.0123         0.17183           1.217         0.23312             1.6               
         A        370        ASP               0               0               0               0               0               0         0.36281         0.12674         0.44806         0.09239         0.57877         0.16423            -3.5               
         A        371        SER          1.4738          1.2386         0.72282         0.72282          3.4168               0         0.24991        0.075818           0.345        0.026032         0.37104         0.15776            -0.8               
         A        372        PHE          3.0923          1.3501          3.9502         0.42427          4.4578               0         0.12699        0.055151         0.15754         0.04223         0.19084        0.031671             2.8               
         A        373        VAL          0.2099         0.51414               0               0          1.4693               0        0.028367        0.025348        0.037331          0.0233        0.063253               0             4.2               
         A        374        CYS           1.102          1.1626               0               0          2.7233               0        0.057526        0.057791               0               0         0.15776               0             2.5               
         A        375        PHE          1.0622          1.0701         0.75723         0.93962          2.7246               0         0.33587         0.13735         0.41217         0.10799          0.5669         0.11443             2.8               
         A        376        GLU         0.56078         0.82863               0               0          2.2667               0         0.58374         0.15589           0.656         0.14173         0.81215         0.32737            -3.5               
         A        377        HIS          0.2684         0.53896               0               0          1.4501               0          1.3011         0.26565          1.4775         0.12639          1.6718         0.76608            -3.2               
         A        378        LYS         0.29912         0.56216               0               0          1.4595               0          2.2351         0.61249          2.4224         0.63226          3.3416          1.3155            -3.9               
         A        379        GLY               0               0               0               0               0               0          3.5153         0.59851               0               0          4.2099          2.7214            -0.4               
         A        393        GLU         0.39334         0.76518               0               0           2.215               0          1.6736         0.31009          1.7863         0.25863          2.2562           1.217            -3.5               
         A        394        LEU         0.33582         0.58387               0               0          1.4447               0          0.7092         0.13062         0.69035         0.12744         0.94764         0.51013             3.8               
         A        395        LYS          0.5601          0.8265               0               0          2.2541               0         0.74406         0.42402          1.0147         0.38494           1.605          0.2864            -3.9               
         A        396        SER         0.47652         0.67425         0.69608         0.69608           1.467               0         0.26517        0.080518         0.21178         0.01409         0.43722         0.19769            -0.8               
         A        397        PHE         0.97091         0.95544          1.3299         0.93745          2.4742               0         0.27659        0.062472         0.27256        0.072326         0.38932         0.19769             2.8               
         A        398        ASP         0.45258         0.81862               0               0          2.2821               0         0.77221         0.38619          1.1058         0.27153          1.5414         0.37104            -3.5               
         A        399        ILE         0.85496         0.92735          1.0291          1.0904          2.5678               0         0.20924         0.10618         0.15524         0.11793         0.35323        0.011638             4.5               
         A        400        SER         0.24442         0.54655               0               0          1.4665               0         0.99738         0.27907          1.3585        0.093273          1.4517         0.61548            -0.8               
         A        401        GLN         0.75842         0.89302         0.30191         0.60382          2.4238               0         0.81835         0.26315         0.98471         0.17175           1.217         0.38012            -3.5               
         A        402        CYS           2.101          1.1779          3.2712         0.30901          3.5802               0         0.14543         0.11393               0               0         0.29439               0             2.5               
         A        403        PRO         0.72619         0.88091               0               0          2.2721               0         0.31304        0.087924         0.33748         0.11405         0.45733         0.18408             1.6               
         A        404        LYS         0.73299          1.0806               0               0          2.6887               0         0.69869         0.16215         0.72339         0.19019          1.0038         0.48855            -3.9               
         A        405        ILE         0.49819         0.89391               0               0          2.4596               0          1.1754          0.2553          1.1976         0.22523          1.5728         0.78118             4.5               
         A        406        GLY               0               0               0               0               0               0          1.9909         0.26793               0               0          2.3613           1.605            -0.4               
         A        407        GLY         0.31114         0.53891               0               0          1.2446               0          1.5177         0.13225               0               0          1.7065          1.3682            -0.4               
         A        408        HIS               0               0               0               0               0               0          2.2544          1.0236          2.9972         0.58265          3.7363         0.92961            -3.2               
         A        409        GLY               0               0               0               0               0               0          1.1143         0.26441               0               0          1.5414         0.87746            -0.4               
         A        410        SER               0               0               0               0               0               0          1.4905         0.21557          1.6757         0.10291          1.7786          1.1265            -0.8               
         A        411        LYS         0.34095         0.63785          0.6137         0.75163          1.5378               0         0.88309         0.44185          1.1294          0.4399          1.8162         0.38012            -3.9               
         A        412        LYS         0.72957         0.85091         0.30485          0.6097          2.2591               0         0.57971         0.35382         0.83813          0.2537          1.1937         0.12647            -3.9               
         A        413        CYS          2.0183          1.0305          2.7679         0.32744          3.0954               0        0.059014        0.054625               0               0         0.15137               0             2.5               
         A        414        THR          1.9483          1.3797         0.48653         0.68806          3.5634               0          0.2248         0.15883         0.39984        0.041311         0.45733        0.041988            -0.7               
         A        415        GLY           1.604          1.0817               0               0          2.7669               0         0.42555         0.16154               0               0         0.66718         0.27851            -0.4               
         A        416        ASP         0.48957         0.63532         0.31154          0.5396          1.4538               0         0.68892         0.16028         0.68033         0.18553         0.96601         0.44721            -3.5               
         A        417        ALA               0               0               0               0               0               0           1.338         0.46538          2.2562               0          2.2562          1.0233             1.8               
         A        418        ALA         0.78835          1.0059               0               0          2.4167               0         0.67102         0.15945         0.59082               0         0.92961         0.52115             1.8               
         A        419        PHE          3.8483         0.68108          4.2726         0.31394          4.8816          2.4444         0.11131         0.12621        0.026316        0.041674         0.38012               0             2.8               
         A        420        CYS         0.65747         0.96632               0               0          2.4282               0          0.6037         0.14368         0.57259        0.094592         0.79653         0.40809             2.5               
         A        421        SER               0               0               0               0               0               0          1.0563         0.14011          1.1746        0.090608          1.2652         0.81215            -0.8               
         A        422        ALA         0.51789         0.63521               0               0           1.349               0         0.70647        0.080717         0.70818               0         0.81215         0.57877             1.8               
         A        423        TYR          1.3169          1.0767          1.2353          1.1204          3.2197               0         0.19978         0.11754         0.13705        0.087101         0.37104        0.063253            -1.3               
         A        424        GLU          0.5647         0.65086         0.51061         0.62151          1.5171               0         0.46277         0.23578          0.4909         0.26057          1.0633          0.1085            -3.5               
         A        425        CYS         0.56025         0.80252         0.95087         0.95087          1.9017               0         0.37632         0.14714         0.27557        0.035107         0.66718         0.24046             2.5               
         A        426        THR          0.3957         0.62634         0.47988         0.67865          1.4396               0         0.69273          0.2055         0.59041        0.075049           1.084         0.42738            -0.7               
         A        427        ALA               0               0               0               0               0               0          1.1028         0.30578          1.6718               0          1.6718         0.76608             1.8               
         A        428        GLN               0               0               0               0               0               0          2.7769         0.92522          3.5489         0.43397          4.3435          1.6379            -3.5               
         A        429        TYR           0.111         0.36816               0               0           1.332               0          2.4881          1.1815          3.0501          1.0619          4.9542          1.1484            -1.3               
         A        430        ALA         0.81475         0.67148               0               0          1.5141               0         0.61767         0.18004         0.37104               0          0.9119         0.37104             1.8               
         A        431        ASN         0.18425         0.48749               0               0           1.474               0         0.66015         0.27728         0.89519         0.19889          1.1484          0.3445            -3.5               
         A        432        ALA         0.55939          0.6909          1.5397               0          1.5397               0         0.14739        0.035781          0.1085               0         0.21161          0.1085             1.8               
         A        433        TYR          0.2253         0.50574               0               0          1.4604               0         0.48118         0.30657         0.66282         0.20426           1.084        0.085404            -1.3               
         A        434        CYS          2.2484         0.50348          2.5921         0.45751          3.0496          1.3368         0.08842        0.086531               0               0         0.24046               0             2.5               
         A        435        SER          1.0926          1.1545               0               0          2.6788               0         0.25282        0.088254         0.35374        0.026372         0.38012         0.14504            -0.8               
         A        436        HIS         0.51676         0.83669               0               0          2.4176               0         0.40499         0.10774          0.4667        0.079293          0.5669         0.25541            -3.2               
         A        437        ALA          1.0187         0.89207               0               0          2.2793               0         0.29185         0.10324         0.12042               0         0.40809         0.12042             1.8               
         A        438        ASN         0.15465         0.40916               0               0          1.2372               0         0.82924         0.37072          1.1314         0.29559          1.5414         0.44721            -3.5               
         A        439        GLY               0               0               0               0               0               0          0.5111         0.13421               0               0         0.68063         0.36208            -0.4               
         A        440        SER         0.92592         0.66204         0.71473         0.71473          1.5592               0         0.24923        0.070583         0.19434        0.010267         0.37104         0.18408            -0.8               
         A        441        GLY               0               0               0               0               0               0         0.22509        0.075384               0               0         0.32737          0.1326            -0.4               
         A        442        ILE         0.51194         0.66514         0.38311         0.66356          1.5324               0         0.52107         0.17062         0.66559         0.12272         0.87746         0.33588             4.5               
         A        443        VAL          2.6447         0.73817          3.4038         0.13242          3.5784          1.3408         0.13649        0.037539         0.10722        0.027232         0.19084        0.068705             4.2               
         A        444        GLN         0.90339          1.0737         0.30868         0.61736           2.713               0         0.42415         0.21153         0.58503         0.14677         0.81215         0.18408            -3.5               
         A        445        ILE          3.8968         0.44306          4.1134         0.24182          4.4932           3.211         0.11628         0.11989       0.0038652       0.0045552         0.29439               0             4.5               
         A        446        GLN         0.43946         0.85015               0               0          2.4366               0         0.72857         0.38866          1.0333         0.24397          1.3954         0.26302            -3.5               
         A        447        VAL         0.95321         0.91667          1.3696          1.0526          2.5595               0         0.35021          0.2156         0.15862        0.031551         0.75124         0.12042             4.2               
         A        448        SER               0               0               0               0               0               0          1.1302         0.43226          1.0192          0.1073          1.8548         0.48855            -0.8               
         A        449        GLY               0               0               0               0               0               0          1.9948         0.39687               0               0          2.3613          1.3415            -0.4               
         A        450        VAL         0.70489         0.86292               0               0          2.2638               0          1.4026         0.42032          1.6665         0.38423          2.2061         0.75124             4.2               
         A        451        TRP         0.66408         0.80921          0.6593         0.85506          2.4184               0         0.87737         0.22075         0.91413         0.23431          1.3155         0.57877            -0.9               
         A        452        LYS          1.5272          1.4984         0.31096         0.62193          3.7791               0         0.35455         0.15833         0.42541         0.15227         0.69429         0.12042            -3.9               
         A        453        LYS           1.205          1.1586         0.29522         0.59044           2.899               0         0.36249         0.22495         0.51664         0.19235         0.81215         0.12647            -3.9               
         A        454        PRO           1.988         0.99274          1.0205         0.72163          3.1253               0        0.029547        0.038067      0.00063706      0.00090093        0.096829               0             1.6               
         A        455        LEU          1.0025          1.0588          1.0045          1.0625          2.4987               0         0.12157        0.076246         0.18527         0.05913         0.27851        0.052513             3.8               
         A        456        CYS          1.6069          0.8966          2.2025         0.65432          2.8569               0       0.0028953       0.0040024      0.00095558      0.00095558        0.011638               0             2.5               
         A        457        VAL          2.3311           1.178          1.3605          1.0399          3.8793               0       0.0016626       0.0040726       0.0038795       0.0054864        0.011638               0             4.2               
         A        458        GLY          4.1526         0.48785               0               0          4.7401          3.4856        0.068588        0.036153               0               0         0.10263        0.011638            -0.4               
         A        459        TYR         0.32705         0.75457               0               0          2.4177               0         0.34209         0.16938         0.44041         0.11749         0.62811         0.11443            -1.3               
         A        460        GLU         0.45527         0.64797         0.30718         0.61437          1.5359               0        0.089723        0.091512       0.0087798         0.01662         0.20461               0            -3.5               
         A        461        ARG         0.38478         0.63216         0.22078         0.54081          1.5455               0           0.868         0.60608          1.2292         0.46667          1.8548         0.20461            -4.5               
         A        462        VAL          2.3026          1.1483          1.3854          1.0626          3.7183               0         0.16316         0.11245        0.039225        0.038244         0.29439               0             4.2               
         A        463        VAL         0.74514         0.92478               0               0           2.452               0         0.38273          0.1547         0.54654        0.067322         0.64093         0.18408             4.2               
         A        464        VAL          2.3244          1.2368          3.4628         0.27646          3.6786               0         0.29037         0.13164         0.16802        0.043656         0.52115         0.12042             4.2               
         A        465        LYS          1.4908          1.4533         0.30816         0.61632          3.6426               0         0.57249         0.35625         0.78699         0.35063          1.3954         0.24046            -3.9               
         A        466        ARG          0.8328          1.1348               0               0          2.7284               0         0.54912         0.10246          0.5843        0.096842         0.79653         0.39864            -4.5               
         A        467        GLU         0.16209         0.45847               0               0          1.4589               0         0.87959         0.18181         0.90074         0.15201           1.084         0.54369            -3.5               
         A        468        LEU         0.19037         0.50366         0.38073         0.65945          1.5229               0          1.9749         0.44306          2.0744         0.29922          2.5322           1.105             3.8               
         A        469        SER         0.26769         0.53538               0               0          1.3384               0          2.4037         0.40339           3.168               0           3.168          2.0203            -0.8               
