pdb_id: 6FNZ
analysis type: bound
radii_file: C:\Users\choi\Desktop\PSAIA_output\amac_data\chothia.radii
ASA_zSice: 0.25
ASA_rSolvent: 1.4
CX_sRadius: 10
CX_vAtom: 20.1
radii_file: C:\Users\choi\Desktop\PSAIA_output\amac_data\hydrophobicity.hpb

  chain id|    res id|  res name|    average DPX|      s_avg DPX|   s-ch avg DPX| s-ch s_avg DPX|        max DPX|        min DPX|     average CX|       s_avg CX|    s-ch avg CX|  s-ch s_avg CX|         max CX|         min CX| Hydrophobicity|               
         A        258        VAL               0               0               0               0               0               0          2.9071         0.54933           2.578         0.49842          3.7363          2.0647             4.2               
         A        259        ARG         0.11277         0.35661               0               0          1.2405               0          3.7475          1.9225          4.9079          1.4225          7.6832          1.2408            -4.5               
         A        260        PRO         0.20972          0.5137               0               0           1.468               0          1.3207         0.28714          1.5404         0.26496          1.7786         0.94764             1.6               
         A        261        LYS         0.56231         0.82936         0.29592         0.59183          2.2568               0         0.52541         0.12499         0.43333        0.073359         0.72229         0.29439            -3.9               
         A        262        LEU         0.33649         0.58562               0               0          1.4605               0          1.0256         0.36222          1.3385         0.24212          1.7421         0.62811             3.8               
         A        263        VAL          1.5844          1.1414         0.50885         0.71963          3.2434               0         0.33436          0.1284         0.19618        0.059718           0.478         0.11443             4.2               
         A        264        THR          1.3637          1.2511               0               0          3.0496               0         0.56793         0.23315         0.82889        0.039311         0.87746         0.27072            -0.7               
         A        265        ILE          3.6354         0.68246          4.1485         0.34036          4.6486           2.439         0.16937        0.098174        0.080466        0.047255         0.31068        0.011638             4.5               
         A        266        ILE         0.81797         0.85708         0.37898         0.65642          2.2513               0         0.23654         0.10079         0.32239        0.067305         0.39864          0.1085             4.5               
         A        267        ARG         0.23335         0.49529         0.18902         0.46301          1.3232               0         0.24222        0.075189         0.20078        0.051075         0.39864         0.15137            -4.5               
         A        268        SER         0.24229         0.54178               0               0          1.4538               0         0.44713        0.083028         0.46083        0.071509         0.53233         0.30248            -0.8               
         A        269        GLY         0.33219         0.57537               0               0          1.3288               0         0.71399         0.14889               0               0         0.92961         0.52115            -0.4               
         A        270        VAL         0.58584         0.68125               0               0          1.5329               0         0.62508         0.14736         0.47879        0.034267         0.82805         0.43722             4.2               
         A        271        LYS         0.55778         0.82702               0               0          2.2562               0           1.303         0.59516          1.6792          0.5641          2.6561         0.78118            -3.9               
         A        272        PRO         0.17453         0.42751               0               0          1.2217               0          1.3002         0.34744          1.5448         0.33073          1.9352         0.87746             1.6               
         A        273        ARG               0               0               0               0               0               0          1.1614         0.41202         0.97288         0.32766          2.0203         0.57877            -4.5               
         A        274        LYS               0               0               0               0               0               0          1.3548         0.52944          1.7045         0.43601          2.3079         0.57877            -3.9               
         A        275        ALA          0.2465         0.49299               0               0          1.2325               0         0.93374         0.11966          1.0633               0          1.0633         0.73665             1.8               
         A        276        VAL         0.93584         0.85559         0.50257         0.71074          2.2555               0          0.4131        0.057249         0.36506       0.0042243         0.49926         0.36208             4.2               
         A        277        ARG         0.13225          0.4182               0               0          1.4547               0          1.3714         0.71664          1.7976         0.55402          2.7214         0.57877            -4.5               
         A        278        VAL         0.91948         0.84765         0.50561         0.71504          2.2615               0         0.39161         0.11729         0.26769        0.051253         0.54369         0.19769             4.2               
         A        279        LEU         0.18226         0.48221               0               0          1.4581               0          1.1168         0.39486          1.4913           0.167          1.7786         0.66718             3.8               
         A        280        LEU         0.69814         0.70343         0.75683         0.75689          1.5276               0         0.35889         0.18116         0.18749        0.075606         0.57877        0.063253             3.8               
         A        281        ASN         0.63416         0.85751               0               0          2.2768               0         0.90567         0.31392          1.2098        0.097802          1.2901         0.54369            -3.5               
         A        282        LYS         0.29986         0.56362               0               0          1.4649               0          0.9717         0.44679          1.1415         0.52664          2.1104         0.61548            -3.9               
         A        283        LYS          0.1615         0.45678               0               0          1.4535               0          2.2625          1.0708          2.7921          1.1348          4.7888          1.0633            -3.9               
         A        284        THR         0.36708         0.58099               0               0          1.3332               0          1.3749         0.22306          1.4765         0.30159          1.8944          1.1937            -0.7               
         A        285        ALA         0.53815         0.66277               0               0          1.4556               0         0.64191           0.157         0.36208               0         0.82805         0.36208             1.8               
         A        286        HIS               0               0               0               0               0               0          2.0233         0.83056          2.5794         0.59032          3.3416         0.96601            -3.2               
         A        287        SER         0.87284         0.93199               0               0          2.3896               0         0.71278         0.21806         0.98546        0.037818          1.0233         0.41767            -0.8               
         A        288        PHE          1.5133          1.0234           1.084          1.0132          2.6951               0         0.23412         0.10234         0.16749        0.052772         0.42738         0.10263             2.8               
         A        289        GLU          0.1618         0.45764               0               0          1.4562               0         0.54038         0.14188         0.51263         0.17804         0.79653         0.31897            -3.5               
         A        290        GLN         0.13752         0.38896               0               0          1.2377               0         0.98855            0.34          1.2309         0.22618          1.5414         0.48855            -3.5               
         A        291        VAL          1.4985          1.0256          2.1846         0.45686          2.5142               0         0.19906         0.11227        0.096957        0.046769         0.41767        0.031671             4.2               
         A        292        LEU          1.1525         0.98293          1.0051          1.0623          2.4967               0         0.24476        0.070673         0.20457        0.077895         0.32737        0.091087             3.8               
         A        293        THR         0.76539         0.92965          0.4759         0.67302          2.4063               0          0.7634         0.19784         0.95767        0.089309           1.084         0.43722            -0.7               
         A        294        ASP         0.33614         0.58488               0               0          1.4562               0          0.5689         0.14327         0.64726          0.1477         0.87746         0.40809            -3.5               
         A        295        ILE          1.9324         0.84198          1.3857         0.88836          2.7288               0         0.11557        0.097262        0.030272         0.01976         0.30248               0             4.5               
         A        296        THR         0.97191         0.89493         0.48081         0.67997          2.3956               0          0.3807        0.065712          0.3811        0.074196         0.46759          0.2864            -0.7               
         A        297        GLU         0.44004         0.85136               0               0          2.4405               0          0.8879         0.28542          1.1184         0.13968          1.3415         0.49926            -3.5               
         A        298        ALA         0.24775          0.4955               0               0          1.2387               0         0.51019        0.059072         0.43722               0         0.61548         0.43722             1.8               
         A        299        ILE         0.52871         0.68702         0.38339         0.66406          1.5336               0         0.26216         0.13557         0.13843        0.037015           0.478        0.091087             4.5               
         A        300        LYS         0.72425         0.84775         0.30085         0.60171          2.2522               0         0.53106         0.12253         0.55038         0.15311         0.84423         0.43722            -3.9               
         A        301        LEU         0.15412         0.40776               0               0          1.2329               0          1.4068         0.40557          1.7313         0.28459          1.9352         0.78118             3.8               
         A        302        GLU          0.1619         0.45793               0               0          1.4571               0           1.035         0.25341          1.1501         0.29075          1.4809         0.78118            -3.5               
         A        303        THR         0.20433          0.5005         0.47676         0.67424          1.4303               0         0.57981         0.13175         0.43485        0.036242         0.72229         0.38932            -0.7               
         A        304        GLY         0.30688         0.53153               0               0          1.2275               0         0.67703         0.12703               0               0         0.84423         0.48855            -0.4               
         A        305        VAL         0.94588          1.1499               0               0          2.7479               0          0.8056         0.14553         0.91486         0.13057           1.084         0.61548             4.2               
         A        306        VAL         0.96007         0.90944          1.3401            1.03          2.5046               0         0.31852         0.15419         0.14772        0.025833         0.52115         0.12647             4.2               
         A        307        LYS         0.29956         0.56291               0               0          1.4601               0          1.4431         0.88433          2.0975         0.66317           3.253         0.54369            -3.9               
         A        308        LYS         0.73148         0.85283         0.30731         0.61463          2.2616               0         0.94243         0.62039          1.3864         0.48639          2.0203         0.20461            -3.9               
         A        309        LEU          2.5878          1.2846          3.5166         0.65559          4.1288               0         0.14747           0.132         0.03275        0.047638         0.38012               0             3.8               
         A        310        TYR         0.81561          1.2042               0               0          3.2359               0          0.6643         0.33342         0.86261         0.21666          1.2408          0.2187            -1.3               
         A        311        THR         0.74688         0.92817               0               0          2.4645               0         0.62698         0.14797          0.6698         0.16346         0.87746         0.42738            -0.7               
         A        312        LEU         0.18195         0.48139               0               0          1.4556               0          1.2465          0.2855           1.196         0.16994          1.7786         0.84423             3.8               
         A        313        ASP         0.16612          0.4395               0               0          1.3289               0          2.4449         0.61057           2.836         0.55448          3.6311          1.5414            -3.5               
         A        314        GLY         0.33207         0.57517               0               0          1.3283               0          1.5655        0.040882               0               0           1.605          1.5108            -0.4               
         A        315        LYS         0.54394         0.80844               0               0           2.241               0           2.041          1.3675          2.8773          1.3219          4.9542         0.65395            -3.9               
         A        316        GLN         0.46643         0.66331         0.30242         0.60484          1.5121               0          1.0703         0.33653          1.2895         0.29099          1.8162         0.66718            -3.5               
         A        317        VAL           1.407         0.98787          1.3244          1.0201           2.482               0         0.31789         0.11873         0.19893        0.038102         0.45733         0.14504             4.2               
         A        318        THR         0.38475         0.61118               0               0          1.4565               0         0.94036         0.24274          1.1758         0.10475          1.3155          0.5669            -0.7               
         A        319        CYS         0.84371         0.89315               0               0          2.2696               0         0.92119         0.36576           1.419         0.15381          1.5728         0.61548             2.5               
         A        320        LEU         0.37197         0.64441         0.37856         0.65568          1.5142               0         0.54821         0.12092         0.47585          0.1247         0.70818         0.29439             3.8               
         A        321        HIS         0.12368         0.37104               0               0          1.2368               0           1.865         0.78249          2.4453         0.41415           2.932          0.9119            -3.2               
         A        322        ASP         0.33737         0.58708               0               0          1.4626               0         0.75933         0.27575         0.92652          0.2287          1.2408         0.39864            -3.5               
         A        323        PHE           2.322          1.0158          1.9935          1.0905          3.6156               0         0.11723         0.12809        0.031609        0.050375         0.38932               0             2.8               
         A        324        PHE         0.61127          0.8518          0.3948         0.62424           2.444               0          0.4629         0.21922         0.34183         0.10937         0.92961         0.21161             2.8               
         A        325        GLY               0               0               0               0               0               0          1.0636         0.10408               0               0          1.1708          0.9119            -0.4               
         A        326        ASP               0               0               0               0               0               0           2.754          1.1147           3.783         0.56159          4.3435          1.4517            -3.5               
         A        327        ASP         0.15439         0.40848               0               0          1.2351               0         0.90641         0.21393         0.95769         0.23846          1.3155         0.66718            -3.5               
         A        328        ASP         0.63174         0.85289               0               0          2.2561               0         0.86142         0.34829          1.1502         0.21982          1.4232         0.36208            -3.5               
         A        329        VAL         0.38495         0.61173               0               0          1.4619               0         0.59405         0.19818         0.81856        0.045694         0.87746         0.37104             4.2               
         A        330        PHE          2.1844          1.3133          1.6103          1.2262          4.0294               0         0.16178        0.074296         0.11278        0.031542         0.31068        0.057855             2.8               
         A        331        ILE          2.0009          1.3968         0.76663         0.76689          3.8317               0         0.40904         0.16489         0.55991        0.087971         0.70818         0.22587             4.5               
         A        332        ALA         0.79542          1.0174               0               0          2.4524               0         0.25628        0.094635         0.14504               0         0.40809         0.14504             1.8               
         A        333        CYS         0.42744         0.60502               0               0           1.326               0         0.58586         0.14152         0.75173        0.029441         0.78118          0.3445             2.5               
         A        334        GLY               0               0               0               0               0               0          1.0547         0.32028               0               0          1.3954         0.65395            -0.4               
         A        335        PRO               0               0               0               0               0               0          2.3575         0.42749          2.2521         0.38489           2.932          1.7421             1.6               
         B        255        LYS               0               0               0               0               0               0          2.2827         0.93534          2.6574          1.0416          4.6324          1.1484            -3.9               
         B        256        ASP               0               0               0               0               0               0          2.4238         0.81234            3.17         0.43656          3.8465          1.5108            -3.5               
         B        257        PHE         0.59086         0.82609         0.73775         0.90666          2.3919               0         0.89898         0.24072         0.89623          0.2482           1.217          0.5669             2.8               
         B        258        VAL          0.3855         0.61241               0               0          1.4602               0         0.38772         0.15581         0.23819        0.015072         0.64093          0.2187             4.2               
         B        259        ARG         0.48788         0.82699               0               0          2.3878               0         0.82708         0.22951         0.97789         0.11464          1.1708         0.43722            -4.5               
         B        260        PRO         0.42715         0.67553               0               0          1.5211               0         0.92014         0.12365          1.0238        0.032092          1.0633         0.72229             1.6               
         B        261        LYS         0.73431         0.85555         0.60207         0.73739          2.2656               0         0.51304        0.090057         0.45713        0.050874         0.64093         0.36208            -3.9               
         B        262        LEU         0.33655          0.5856               0               0          1.4581               0           1.025         0.35805          1.3367         0.22961          1.7065         0.64093             3.8               
         B        263        VAL          2.1363          1.0329          1.3162          1.0148          3.4669               0         0.34028         0.12397         0.20578        0.037659         0.49926         0.16423             4.2               
         B        264        THR          1.3635          1.2527               0               0          3.0754               0         0.56649         0.22642         0.81362        0.051538         0.87746         0.25541            -0.7               
         B        265        ILE          3.9407         0.45995          4.1011         0.46697          4.7507          3.2335         0.18825        0.094106        0.097778        0.032641         0.29439        0.063253             4.5               
         B        266        ILE          1.3197          1.1326          0.3788         0.65611          3.0183               0          0.3325         0.14819         0.45901         0.10111         0.61548         0.15776             4.5               
         B        267        ARG         0.36534         0.59847         0.18933         0.46376          1.4573               0         0.26756         0.12868         0.18548        0.053751         0.55521         0.12647            -4.5               
         B        268        SER         0.24262         0.54251               0               0          1.4557               0         0.65463         0.13477         0.73617         0.10806         0.84423         0.40809            -0.8               
         B        269        GLY               0               0               0               0               0               0           1.022        0.083893               0               0           1.084         0.87746            -0.4               
         B        270        VAL         0.58808         0.68432               0               0           1.547               0         0.73868         0.20363         0.51115        0.039655         0.98474           0.478             4.2               
         B        271        LYS         0.29952         0.56278               0               0          1.4587               0          1.2947         0.48555          1.6472         0.37728          2.1575         0.78118            -3.9               
         B        272        PRO         0.38644         0.61429               0               0          1.4711               0          1.1398         0.25999          1.2849          0.2921          1.6718         0.86069             1.6               
         B        273        ARG               0               0               0               0               0               0          1.3428         0.28167          1.2594         0.22254          1.9771         0.89452            -4.5               
         B        274        LYS               0               0               0               0               0               0          1.2401          0.3939          1.4862         0.33532          1.9352         0.65395            -3.9               
         B        275        ALA         0.24678         0.49355               0               0          1.2339               0         0.93831         0.12718           1.084               0           1.084         0.72229             1.8               
         B        276        VAL         0.93535         0.85605         0.49648         0.70213          2.2636               0         0.40723        0.067268         0.33898        0.017733         0.49926         0.31897             4.2               
         B        277        ARG         0.27041         0.57374         0.21618         0.52954          1.5133               0          1.3916          0.7171          1.8163         0.55779          2.8592         0.60306            -4.5               
         B        278        VAL         0.70228          0.8593               0               0          2.2527               0         0.36542         0.11496         0.24881        0.033717         0.52115         0.20461             4.2               
         B        279        LEU         0.52394         0.68015          0.3755         0.65039           1.502               0         0.89442          0.3403          1.2134         0.13874          1.4517           0.478             3.8               
         B        280        LEU          1.7889          1.0998          0.9991          1.0572          2.8165               0         0.22738         0.19514        0.051248        0.059802          0.5669               0             3.8               
         B        281        ASN          1.0791         0.90304         0.89298         0.95036          2.2591               0         0.49699         0.17008         0.63782         0.13118         0.86069         0.31068            -3.5               
         B        282        LYS         0.13731         0.38837               0               0          1.2358               0         0.51603         0.21794         0.62425         0.24173          1.0233          0.3445            -3.9               
         B        283        LYS         0.82234         0.97472         0.30476         0.60951          2.3916               0          0.5724         0.10382         0.63421        0.076603         0.75124         0.43722            -3.9               
         B        284        THR         0.58992         0.68447         0.47988         0.67866          1.4576               0         0.45648         0.11983         0.53936          0.1283         0.69429         0.32737            -0.7               
         B        285        ALA          1.7343          1.0101          2.8001               0          2.8001               0          0.2507        0.082994          0.1085               0         0.33588          0.1085             1.8               
         B        286        HIS         0.17024         0.43266        0.012371        0.042853          1.4568               0          1.0194          0.4659          1.1642         0.44006          2.0203         0.45733            -3.2               
         B        287        SER          0.8404         0.88894               0               0          2.2561               0         0.68985          0.2568          1.0439        0.040076           1.084         0.42738            -0.8               
         B        288        PHE         0.92737         0.90731         0.73715         0.90592          2.3899               0         0.47782        0.096981         0.47495         0.11377         0.60306         0.33588             2.8               
         B        289        GLU         0.16235         0.45918               0               0          1.4611               0          1.1013         0.34698          1.4007         0.11553           1.605         0.68063            -3.5               
         B        290        GLN         0.83334         0.98045         0.71699         0.92611          2.3928               0         0.65308         0.15929         0.66414         0.16289         0.87746         0.46759            -3.5               
         B        291        VAL         0.98518         0.90324         0.50488         0.71401           2.402               0         0.19396         0.11701        0.088573        0.036928         0.42738        0.036804             4.2               
         B        292        LEU          1.1487         0.97912          0.9968          1.0531          2.4739               0         0.31983        0.078053         0.29817        0.097229         0.40809         0.13878             3.8               
         B        293        THR         0.19072         0.46716               0               0           1.335               0         0.79403         0.13724         0.93606        0.030313         0.96601         0.57877            -0.7               
         B        294        ASP         0.32233         0.55888               0               0           1.341               0           0.552         0.13735         0.59131         0.16357         0.86069         0.38932            -3.5               
         B        295        ILE          2.1547         0.92258          1.7671          1.1646          3.0631               0          0.1459         0.11125        0.043392        0.025052          0.3445               0             4.5               
         B        296        THR         0.76612         0.92849               0               0          2.3956               0         0.44101        0.087433         0.50347         0.07965         0.60306         0.31068            -0.7               
         B        297        GLU         0.43985         0.85061               0               0          2.4363               0         0.87175         0.24723          1.0737         0.11531          1.2652         0.53233            -3.5               
         B        298        ALA         0.78325         0.99818               0               0          2.3944               0         0.55114        0.029518         0.52115               0         0.57877         0.51013             1.8               
         B        299        ILE         0.52284         0.67874         0.37377         0.64739          1.4951               0         0.26571         0.12908         0.14683        0.045392         0.43722        0.096829             4.5               
         B        300        LYS         0.72524         0.84812         0.30454         0.60909          2.2446               0         0.53017         0.12441         0.55405         0.15896         0.84423         0.38932            -3.9               
         B        301        LEU               0               0               0               0               0               0           1.273         0.36196          1.5819         0.24046          1.7786         0.76608             3.8               
         B        302        GLU          0.1486          0.4203               0               0          1.3374               0         0.95048         0.18881          1.0314         0.21902          1.3415         0.76608            -3.5               
         B        303        THR          0.3823         0.60674         0.47878          0.6771          1.4364               0         0.53787         0.13456         0.38986        0.027536         0.69429         0.36208            -0.7               
         B        304        GLY               0               0               0               0               0               0         0.69985         0.16585               0               0         0.94764         0.48855            -0.4               
         B        305        VAL         0.20822         0.51004               0               0          1.4576               0         0.72341         0.11171         0.77593        0.093073         0.89452         0.57877             4.2               
         B        306        VAL         0.94091         0.89787          1.3393          1.0258          2.4916               0         0.32862         0.13671         0.17581         0.02741         0.49926         0.14504             4.2               
         B        307        LYS         0.29902         0.56183               0               0           1.456               0          1.5393         0.96924          2.2319         0.77942          3.3416         0.60306            -3.9               
         B        308        LYS          0.7297         0.85089          0.3059         0.61181          2.2575               0         0.96077         0.69752           1.418         0.62483          2.4733         0.21161            -3.9               
         B        309        LEU          2.5123          1.1995          3.3474          0.5495          3.8605               0         0.11996          0.1014        0.037502        0.035932         0.29439               0             3.8               
         B        310        TYR          1.8859          1.5386          1.1046          1.2883          3.9313               0         0.48056         0.27868         0.64004          0.1971          1.0038          0.1085            -1.3               
         B        311        THR         0.75077         0.93398               0               0          2.4818               0         0.47374         0.12006         0.57157         0.11695         0.72229         0.33588            -0.7               
         B        312        LEU         0.47229         0.83836               0               0          2.2562               0         0.70578         0.16659         0.68745         0.16479         0.94764         0.43722             3.8               
         B        313        ASP          0.1662         0.43973               0               0          1.3296               0          1.6406         0.42892           1.976         0.24928          2.3613         0.94764            -3.5               
         B        314        GLY               0               0               0               0               0               0          1.1058        0.039294               0               0          1.1484          1.0431            -0.4               
         B        315        LYS          0.3982         0.77615               0               0           2.254               0          1.2776         0.46439          1.6146         0.32065          2.2061         0.60306            -3.9               
         B        316        GLN         0.46672         0.66378         0.30357         0.60714          1.5178               0         0.93781         0.24971          1.0877         0.22939          1.4809         0.61548            -3.5               
         B        317        VAL          1.4239         0.99928          1.3612          1.0459          2.5429               0         0.31467         0.12511         0.17599        0.031199         0.46759         0.14504             4.2               
         B        318        THR         0.38481         0.61153               0               0          1.4617               0          1.0146         0.27192          1.2501         0.14707          1.4517          0.5669            -0.7               
         B        319        CYS          0.8403         0.88878               0               0          2.2553               0         0.89512         0.29571          1.3028        0.012723          1.3155         0.57877             2.5               
         B        320        LEU         0.81952         0.85767         0.37915          0.6567          2.2483               0           0.483         0.12714          0.3957         0.10848         0.65395         0.23312             3.8               
         B        321        HIS         0.12377          0.3713               0               0          1.2377               0          1.4978         0.62676          1.9615         0.33137          2.3613         0.73665            -3.2               
         B        322        ASP         0.33756         0.58738               0               0          1.4628               0         0.65515         0.22251         0.79354         0.16767         0.98474         0.35323            -3.5               
         B        323        PHE           1.948          1.1034          1.6067          1.2512          3.7239               0         0.10883         0.11024        0.032817          0.0471         0.29439               0             2.8               
         B        324        PHE         0.63772          0.6988         0.79437         0.68795          1.4543               0         0.39281         0.21799         0.27967         0.11664          0.9119          0.1326             2.8               
         B        325        GLY               0               0               0               0               0               0         0.98159         0.17457               0               0           1.217         0.73665            -0.4               
         B        326        ASP               0               0               0               0               0               0          3.1216          1.7236          4.4743          1.5023          7.0153           1.605            -3.5               
         B        327        ASP         0.15365         0.40651               0               0          1.2292               0         0.89114         0.21828         0.92541         0.22832          1.2652         0.62811            -3.5               
         B        328        ASP          0.6302         0.85059               0               0          2.2483               0         0.87677         0.38312          1.1844         0.29424          1.5728         0.40809            -3.5               
         B        329        VAL         0.38402         0.61011               0               0          1.4557               0         0.59465         0.20851         0.82579        0.075701         0.92961         0.35323             4.2               
         B        330        PHE          2.1856          1.3196          1.6015          1.2214           4.072               0         0.13986        0.068759          0.0992        0.028085         0.31068        0.052513             2.8               
         B        331        ILE          2.7795          1.3155          1.7829          1.1722          4.2305               0         0.23347        0.097363          0.3263        0.037134         0.38012         0.12042             4.5               
         B        332        ALA         0.79306          1.0141               0               0          2.4437               0         0.20237        0.087179         0.12647               0          0.3445         0.12647             1.8               
         B        333        CYS         0.42756         0.60528               0               0          1.3301               0         0.48808         0.11759         0.56474        0.076186         0.64093         0.25541             2.5               
         B        334        GLY               0               0               0               0               0               0          1.2031          0.3564               0               0          1.6379         0.70818            -0.4               
         B        335        PRO         0.21021         0.51491               0               0          1.4715               0          2.7157         0.70094          2.4396         0.51875          4.0829          1.8162             1.6               
         C        259        ARG         0.11183         0.35365               0               0          1.2302               0          3.2574          1.9518          4.2777          1.7527          7.0153          1.1937            -4.5               
         C        260        PRO         0.42756         0.67617               0               0          1.5221               0         0.75639        0.072978         0.79289        0.051608         0.84423         0.64093             1.6               
         C        261        LYS         0.56206         0.82806         0.29621         0.59241          2.2479               0         0.47469        0.092562         0.44655        0.087395         0.60306         0.31068            -3.9               
         C        262        LEU         0.52934         0.68792         0.38445         0.66589          1.5378               0         0.47445        0.049881          0.4872        0.043816         0.54369         0.39864             3.8               
         C        263        VAL          1.5636          1.1149         0.50505         0.71425          3.1176               0         0.24515        0.065898          0.1865        0.053024         0.33588         0.11443             4.2               
         C        264        THR          1.3613          1.2465               0               0          3.0151               0         0.52892         0.21671         0.76868        0.067372         0.84423          0.2864            -0.7               
         C        265        ILE          3.5756         0.65127          4.0136         0.42529          4.6218          2.4543         0.16312        0.094012        0.074413        0.041207         0.27072        0.016573             4.5               
         C        266        ILE         0.82152         0.86103         0.37997         0.65814          2.2638               0         0.45751         0.18111         0.62183         0.10284         0.78118         0.24046             4.5               
         C        267        ARG         0.36616         0.59974         0.19033         0.46621          1.4563               0         0.34349         0.17892         0.22556        0.059415         0.75124         0.15137            -4.5               
         C        268        SER               0               0               0               0               0               0         0.94032         0.17737          1.0306         0.18638           1.217         0.64093            -0.8               
         C        269        GLY               0               0               0               0               0               0          1.2246        0.061828               0               0          1.3155          1.1484            -0.4               
         C        270        VAL         0.58724         0.68287               0               0          1.5365               0         0.78087         0.19253         0.56762        0.033847          1.0233         0.54369             4.2               
         C        271        LYS         0.55898          0.8289               0               0          2.2627               0          1.4093         0.63702          1.8512         0.53322          2.7214         0.73665            -3.9               
         C        272        PRO         0.17521         0.42919               0               0          1.2265               0          1.2311         0.31281          1.4176          0.3403          1.8162         0.87746             1.6               
         C        273        ARG               0               0               0               0               0               0          1.6105         0.24964          1.6326         0.24716          2.0647          1.2652            -4.5               
         C        274        LYS               0               0               0               0               0               0            1.25         0.37432          1.4954         0.27723          1.8548         0.61548            -3.9               
         C        275        ALA         0.24565         0.49131               0               0          1.2283               0         0.88918          0.1477          1.0633               0          1.0633         0.66718             1.8               
         C        276        VAL          1.2921         0.90561          1.3358          1.0186          2.4707               0         0.35132         0.05059         0.31071       0.0067309         0.43722         0.30248             4.2               
         C        277        ARG         0.38172         0.62648         0.21567         0.52829          1.5097               0          0.6778         0.26961         0.83444         0.21562          1.1708         0.37104            -4.5               
         C        278        VAL         0.93423         0.85419         0.50416         0.71299          2.2515               0         0.26083        0.062577         0.21523          0.0661          0.3445          0.1326             4.2               
         C        279        LEU         0.37194         0.64443            0.38         0.65818            1.52               0         0.49905        0.074388         0.55852        0.025105         0.59082         0.36208             3.8               
         C        280        LEU         0.54864         0.71032         0.76234         0.76238          1.5357               0         0.32871          0.1442         0.21071        0.085036         0.53233        0.091087             3.8               
         C        281        ASN         0.45141         0.81576               0               0           2.271               0         0.96953         0.35859          1.3107          0.1364          1.5108         0.55521            -3.5               
         C        282        LYS         0.16278         0.46041               0               0           1.465               0          1.0347         0.34764          1.1754           0.404          1.8944         0.75124            -3.9               
         C        283        LYS         0.14795         0.41848               0               0          1.3316               0          2.0143         0.43167          2.3267         0.25133          2.7214           1.217            -3.9               
         C        284        THR          0.1908         0.46737               0               0          1.3356               0          1.3649         0.25852          1.4125         0.38671          1.8944         0.94764            -0.7               
         C        285        ALA         0.51267         0.62869               0               0           1.332               0         0.74301          0.1521         0.44721               0         0.87746         0.44721             1.8               
         C        286        HIS               0               0               0               0               0               0          2.0704         0.79079          2.6004         0.57011           3.434          1.0431            -3.2               
         C        287        SER         0.81942         0.87611               0               0          2.2589               0         0.98802         0.32342          1.3957        0.027537          1.4232         0.55521            -0.8               
         C        288        PHE          1.2907          1.0696          1.0789          1.0088           2.756               0         0.46557         0.14908         0.41473         0.13311         0.76608         0.24789             2.8               
         C        289        GLU         0.16228         0.45901               0               0          1.4606               0          1.1791           0.371          1.4839         0.19073          1.7421         0.72229            -3.5               
         C        290        GLN         0.43619         0.84178               0               0          2.4011               0         0.99136         0.34577          1.2127         0.27651          1.6718         0.52115            -3.5               
         C        291        VAL           1.345         0.93676           1.341          1.0269          2.4941               0         0.21345         0.11686         0.11794        0.061512         0.44721        0.031671             4.2               
         C        292        LEU          1.1536         0.98462          1.0075          1.0645          2.5009               0         0.28592        0.072547         0.25611        0.086726         0.37104         0.11443             3.8               
         C        293        THR         0.56102         0.91766               0               0          2.4033               0         0.79132          0.2133          1.0086        0.099176          1.1484         0.46759            -0.7               
         C        294        ASP         0.33741         0.58703               0               0          1.4605               0         0.55694         0.11888         0.61569         0.10419         0.78118         0.38012            -3.5               
         C        295        ILE          1.7522          1.0654          1.0114          1.0679          2.7572               0         0.10977         0.09757        0.023804        0.015526         0.30248               0             4.5               
         C        296        THR         0.97371         0.89691         0.47862         0.67687          2.4019               0          0.3837        0.070074         0.40843        0.070514         0.49926         0.26302            -0.7               
         C        297        GLU         0.44105           0.853               0               0          2.4434               0         0.83173         0.24226          1.0144         0.14899          1.2652         0.48855            -3.5               
         C        298        ALA          0.7837          0.9995               0               0          2.4001               0         0.45825        0.065343         0.35323               0         0.55521         0.35323             1.8               
         C        299        ILE          1.1376         0.96626          0.7562         0.75624          2.4325               0         0.25609         0.13314         0.14101        0.050059         0.48855        0.068705             4.5               
         C        300        LYS         0.72538         0.84809         0.30478         0.60956           2.244               0         0.52477           0.129         0.55314         0.15497         0.84423         0.40809            -3.9               
         C        301        LEU         0.15417         0.40788               0               0          1.2333               0           1.273         0.38239          1.5623         0.31702          1.8548         0.73665             3.8               
         C        302        GLU         0.16206         0.45838               0               0          1.4586               0         0.86635          0.1388         0.88688         0.18155           1.217         0.70818            -3.5               
         C        303        THR         0.38122         0.60507         0.47771         0.67558          1.4331               0         0.54253         0.12433         0.40927        0.040445         0.69429         0.35323            -0.7               
         C        304        GLY               0               0               0               0               0               0         0.65898         0.13704               0               0         0.84423         0.45733            -0.4               
         C        305        VAL          0.9474          1.1519               0               0          2.7514               0         0.73863          0.1201         0.81282         0.10407         0.94764         0.59082             4.2               
         C        306        VAL         0.95861         0.90831          1.3395          1.0291          2.5021               0         0.30929         0.13812         0.15378        0.018366         0.46759          0.1326             4.2               
         C        307        LYS           0.299         0.56208               0               0          1.4624               0          1.0084         0.44435          1.3851         0.16216          1.5728         0.40809            -3.9               
         C        308        LYS         0.73142         0.85282         0.30672         0.61344          2.2624               0         0.74367         0.54113           1.098         0.48386          1.9352         0.13878            -3.9               
         C        309        LEU          2.6742          1.3924          3.6815         0.82911          4.6936               0        0.081041        0.082934        0.014716        0.019361         0.24789               0             3.8               
         C        310        TYR           1.997          1.4339          1.2656          1.1929          3.9286               0         0.34319          0.2497         0.47897          0.1933         0.84423        0.026589            -1.3               
         C        311        THR         0.74693         0.92964               0               0          2.4727               0         0.34833         0.11773         0.47604        0.048007         0.54369         0.19769            -0.7               
         C        312        LEU         0.18217         0.48197               0               0          1.4573               0          0.3779        0.097619         0.39042         0.11935         0.55521         0.22587             3.8               
         C        313        ASP         0.16688         0.44153               0               0           1.335               0          1.1364         0.38222          1.4794         0.11775           1.605         0.52115            -3.5               
         C        314        GLY         0.33261         0.57609               0               0          1.3304               0         0.76264        0.083697               0               0         0.87746         0.64093            -0.4               
         C        315        LYS         0.54261         0.80646               0               0          2.2354               0          1.5207          1.0866          2.2251         0.99441          3.8465         0.42738            -3.9               
         C        316        GLN         0.46745         0.66509         0.30506         0.61012          1.5253               0          0.6027         0.17438         0.69289         0.17779          1.0038         0.39864            -3.5               
         C        317        VAL          1.4197         0.99629          1.3531          1.0409          2.5317               0         0.21695        0.073025         0.15424        0.029299         0.33588         0.11443             4.2               
         C        318        THR          0.3838         0.60961               0               0          1.4519               0         0.23705        0.061083         0.28936        0.060827          0.3445         0.17739            -0.7               
         C        319        CYS         0.84384         0.89337               0               0          2.2704               0         0.34227         0.11565          0.4875        0.079404          0.5669          0.2187             2.5               
         C        320        LEU         0.37252         0.64536         0.37928         0.65693          1.5171               0         0.34752        0.092255         0.31396        0.084602         0.46759          0.2187             3.8               
         C        321        HIS         0.12374         0.37123               0               0          1.2374               0          1.4299         0.67173          1.8742         0.49914          2.5322          0.5669            -3.2               
         C        322        ASP         0.33745         0.58725               0               0          1.4638               0           0.542         0.13511         0.58143         0.13995         0.81215         0.38932            -3.5               
         C        323        PHE          1.7802          1.0322          1.9589          1.0304          3.3177               0         0.11837         0.12417        0.031644        0.050723         0.32737               0             2.8               
         C        324        PHE         0.38367         0.62683         0.39453         0.62381          1.4587               0         0.46526         0.25163         0.32715         0.09828           1.084         0.19769             2.8               
         C        325        GLY               0               0               0               0               0               0          1.0382         0.10138               0               0          1.1484          0.9119            -0.4               
         C        326        ASP               0               0               0               0               0               0          2.9768          1.3315          4.1735         0.78976          5.3151          1.5414            -3.5               
         C        327        ASP         0.15416         0.40788               0               0          1.2333               0         0.89638         0.21867         0.93717         0.24948          1.3415         0.66718            -3.5               
         C        328        ASP          0.6306         0.85123               0               0          2.2511               0          0.8698         0.37766          1.1706         0.28701          1.5728         0.38012            -3.5               
         C        329        VAL         0.38496         0.61163               0               0          1.4598               0         0.60068         0.19863         0.81202        0.096068         0.92961         0.35323             4.2               
         C        330        PHE          2.1555          1.2851           1.607          1.2438          3.7952               0         0.12538        0.058515         0.10909        0.025628         0.29439        0.068705             2.8               
         C        331        ILE          2.0423          1.3132          1.0135          1.0738          3.5969               0        0.090113        0.053141         0.14062        0.017898         0.16423        0.021556             4.5               
         C        332        ALA         0.79628          1.0201               0               0          2.4635               0         0.10028        0.061289        0.096829               0         0.18408       0.0067513             1.8               
         C        333        CYS         0.42815         0.60609               0               0          1.3312               0         0.34514         0.10646         0.40022        0.046987         0.44721          0.1326             2.5               
         C        334        GLY               0               0               0               0               0               0           1.013          0.3456               0               0          1.4232          0.5669            -0.4               
         C        335        PRO               0               0               0               0               0               0          2.2055         0.29699          2.1017         0.26745          2.6561          1.8548             1.6               
         D        257        PHE         0.12617         0.39898         0.19826         0.48564          1.3878               0          1.5779         0.43947           1.713          0.3964          2.3079         0.89452             2.8               
         D        258        VAL         0.57048         0.93651          1.3311          1.0168          2.4679               0         0.84948         0.28637         0.58165        0.066647          1.3682         0.48855             4.2               
         D        259        ARG               0               0               0               0               0               0          3.0403          2.0576          4.1799          1.7529          6.7184         0.86069            -4.5               
         D        260        PRO         0.21048         0.51556               0               0          1.4733               0          1.3852         0.29789          1.7104         0.10186          1.8162          1.0431             1.6               
         D        261        LYS         0.54738         0.81336               0               0          2.2535               0         0.55909         0.13673         0.46374        0.057525         0.79653         0.36208            -3.9               
         D        262        LEU         0.33703         0.58636               0               0          1.4588               0          1.0719         0.34707           1.364          0.2426          1.7786         0.68063             3.8               
         D        263        VAL          1.5762          1.1304         0.50547         0.71485          3.1833               0         0.35318         0.11309         0.23069        0.053908         0.46759         0.15776             4.2               
         D        264        THR          1.3638          1.2513               0               0          3.0524               0         0.57735         0.24422         0.84664        0.066781         0.92961         0.26302            -0.7               
         D        265        ILE          3.6208         0.68478          4.1363         0.38571          4.6417          2.4662          0.1826        0.090004        0.099448        0.036299         0.31897        0.057855             4.5               
         D        266        ILE         0.82131         0.86005         0.38043         0.65892          2.2566               0         0.34066         0.13705          0.4602        0.090563         0.60306         0.18408             4.5               
         D        267        ARG         0.23307         0.49482         0.18979         0.46489          1.3285               0         0.29051         0.13486         0.20329        0.068463          0.5669         0.14504            -4.5               
         D        268        SER          0.2426         0.54248               0               0          1.4556               0         0.68887         0.13033         0.75732         0.10337         0.86069         0.45733            -0.8               
         D        269        GLY          0.3326         0.57609               0               0          1.3304               0         0.96437        0.076337               0               0          1.0633         0.86069            -0.4               
         D        270        VAL         0.58645         0.68211               0               0          1.5376               0         0.71582         0.16242         0.54134        0.047092         0.92961           0.478             4.2               
         D        271        LYS         0.42077         0.80608               0               0          2.2614               0          1.2957         0.43507          1.6193         0.32198          2.0647         0.82805            -3.9               
         D        272        PRO         0.17618         0.43154               0               0          1.2332               0          1.2815         0.31544          1.4798         0.33421          1.8548         0.92961             1.6               
         D        273        ARG               0               0               0               0               0               0           1.336         0.28931          1.2427         0.26033          1.9352         0.87746            -4.5               
         D        274        LYS               0               0               0               0               0               0          1.3427          0.5385          1.6588         0.50768          2.5322         0.61548            -3.9               
         D        275        ALA         0.24695         0.49391               0               0          1.2348               0          0.9704          0.1255          1.1484               0          1.1484         0.78118             1.8               
         D        276        VAL         0.93733         0.85625         0.50742          0.7176          2.2526               0         0.40726        0.068363         0.35063        0.020852         0.53233         0.33588             4.2               
         D        277        ARG         0.26831         0.56927         0.21434         0.52502          1.5004               0          1.3338         0.67152          1.7273         0.53087          2.7214         0.61548            -4.5               
         D        278        VAL         0.70305         0.86032               0               0          2.2557               0         0.37396          0.1133         0.25326        0.021546         0.54369         0.22587             4.2               
         D        279        LEU         0.52772         0.68566         0.38233         0.66221          1.5293               0          1.0611         0.48911          1.5176         0.23265          1.7786         0.52115             3.8               
         D        280        LEU          1.9265          1.2191         0.99829          1.0526          3.2048               0         0.31076         0.21292         0.11819        0.080058         0.64093               0             3.8               
         D        281        ASN         0.94805          1.0056               0               0          2.4656               0         0.83912         0.25533          1.0841        0.014738           1.105         0.48855            -3.5               
         D        282        LYS               0               0               0               0               0               0          1.6035         0.84522          2.1248         0.81731          3.5304         0.81215            -3.9               
         D        283        LYS         0.13745         0.38878               0               0          1.2371               0           1.543         0.61206          1.9756         0.48245           2.789         0.82805            -3.9               
         D        284        THR         0.76764         0.92858               0               0          2.3874               0         0.66544         0.21651         0.78783         0.19589          1.0233          0.3445            -0.7               
         D        285        ALA            1.79           1.044          2.8205               0          2.8205               0         0.39831        0.097303         0.23312               0         0.49926         0.23312             1.8               
         D        286        HIS         0.26909          0.5405               0               0          1.4572               0         0.66478         0.15117          0.7395         0.14371          0.9119         0.46759            -3.2               
         D        287        SER         0.84146         0.89037               0               0          2.2607               0         0.39561        0.049074         0.43969        0.059573         0.49926          0.3445            -0.8               
         D        288        PHE          0.9298         0.90967         0.73929           0.908          2.3934               0         0.44683         0.11411         0.46679         0.12747         0.65395         0.31068             2.8               
         D        289        GLU         0.13765         0.38935               0               0          1.2389               0         0.44951        0.090191         0.52631         0.03261          0.5669         0.32737            -3.5               
         D        290        GLN         0.83326         0.98015         0.71585         0.92333          2.3997               0         0.34249        0.034654         0.35416        0.035817         0.41767         0.29439            -3.5               
         D        291        VAL           2.155          1.0089          1.3332          1.0238          3.2562               0         0.19711        0.071917         0.13207        0.040995         0.32737        0.074214             4.2               
         D        292        LEU          1.4441          0.9302         0.99716          1.0525          2.4706               0         0.29699        0.066204          0.2817        0.079052         0.36208         0.15137             3.8               
         D        293        THR         0.55936          0.9149               0               0          2.3958               0         0.46231        0.072843          0.4186        0.036475         0.59082         0.38012            -0.7               
         D        294        ASP         0.33661          0.5856               0               0          1.4561               0         0.41796        0.046076         0.43864        0.044795         0.48855         0.35323            -3.5               
         D        295        ILE          1.7477          1.0634          1.0047          1.0609          2.7505               0         0.13138        0.092003        0.043405        0.025346         0.26302               0             4.5               
         D        296        THR          0.9746         0.89766          0.4792         0.67769          2.4037               0          0.4161        0.060699         0.45673        0.063102         0.52115         0.33588            -0.7               
         D        297        GLU          0.4407         0.85212               0               0          2.4398               0         0.75785         0.15352         0.86659         0.10735          1.0633         0.54369            -3.5               
         D        298        ALA         0.24752         0.49503               0               0          1.2376               0         0.54111        0.055492         0.46759               0         0.62811         0.46759             1.8               
         D        299        ILE         0.52528         0.68216          0.3778         0.65437          1.5112               0         0.26361         0.12812         0.14296        0.034486         0.44721        0.091087             4.5               
         D        300        LYS         0.72376         0.84667         0.30306         0.60612          2.2444               0         0.52091         0.10855         0.52137         0.13718         0.78118         0.40809            -3.9               
         D        301        LEU         0.15429         0.40822               0               0          1.2343               0           1.455          0.4361          1.8078         0.32462          2.2562         0.84423             3.8               
         D        302        GLU         0.16216         0.45866               0               0          1.4595               0          1.0154         0.23134          1.1313         0.25232          1.4517         0.82805            -3.5               
         D        303        THR         0.54785         0.90422          1.2783         0.98691          2.4027               0         0.55561         0.14365         0.40016        0.046073         0.73665          0.3445            -0.7               
         D        304        GLY               0               0               0               0               0               0         0.65726           0.104               0               0         0.79653         0.51013            -0.4               
         D        305        VAL         0.38517         0.61173               0               0           1.456               0         0.82675         0.13564         0.94499        0.081217          1.0431         0.62811             4.2               
         D        306        VAL         0.93717         0.89305          1.3306          1.0191          2.4756               0         0.34945         0.17153         0.16296        0.032026         0.59082         0.12042             4.2               
         D        307        LYS         0.29887         0.56161               0               0          1.4567               0          1.5114          0.9676          2.2167         0.74791          3.3416         0.54369            -3.9               
         D        308        LYS         0.73054         0.85205         0.30702         0.61404          2.2612               0         0.93559         0.65329          1.3792         0.56085          2.3079         0.22587            -3.9               
         D        309        LEU          2.4524          1.1432          3.2408         0.46259           3.683               0         0.11432        0.088814        0.039804        0.031199         0.27851               0             3.8               
         D        310        TYR          1.5346          1.4468         0.66457         0.91885          3.5462               0         0.48265         0.29227         0.64981         0.20804          1.0431         0.11443            -1.3               
         D        311        THR         0.74865         0.93167               0               0          2.4776               0          0.4625         0.13023          0.5487         0.13974         0.72229          0.2864            -0.7               
         D        312        LEU         0.18234         0.48242               0               0          1.4587               0         0.70412         0.17483         0.67332         0.15972         0.96601         0.42738             3.8               
         D        313        ASP         0.16582         0.43871               0               0          1.3265               0          1.6806         0.44392          2.0494         0.24013          2.4164         0.96601            -3.5               
         D        314        GLY               0               0               0               0               0               0          1.1073        0.070075               0               0           1.217          1.0233            -0.4               
         D        315        LYS         0.39643         0.77259               0               0          2.2431               0          1.1508         0.31183          1.3833         0.15529          1.6379         0.60306            -3.9               
         D        316        GLN         0.46757         0.66508         0.30481         0.60962          1.5241               0         0.96909         0.28812          1.1306         0.28043          1.6379         0.60306            -3.5               
         D        317        VAL         0.96455          0.9178          1.3541          1.0435          2.5391               0         0.30737         0.11665         0.18109        0.042303         0.45733         0.14504             4.2               
         D        318        THR         0.20807         0.50966               0               0          1.4565               0         0.94065         0.28472          1.1995         0.22252          1.5108         0.55521            -0.7               
         D        319        CYS         0.82237         0.87937               0               0          2.2676               0         0.78997         0.27798          1.1601        0.033576          1.1937         0.44721             2.5               
         D        320        LEU          1.1307         0.94997          1.0006          1.0569          2.4826               0         0.29371         0.10429         0.22009        0.061502         0.46759         0.12647             3.8               
         D        321        HIS         0.14593          0.4378               0               0          1.4593               0         0.94613         0.34878          1.2004         0.20085          1.4809         0.51013            -3.2               
         D        322        ASP         0.32195         0.55813               0               0          1.3347               0         0.51187         0.19748         0.65648         0.13866         0.79653         0.24046            -3.5               
         D        323        PHE          1.6164         0.91057          1.8243         0.89774          2.7434               0        0.057945        0.070634        0.013523        0.022109         0.18408               0             2.8               
         D        324        PHE          1.9999          1.3391          2.5588          1.3243          3.8238               0         0.33592         0.21173         0.22575         0.11139         0.84423        0.074214             2.8               
         D        325        GLY         0.30889         0.53501               0               0          1.2356               0         0.85575         0.16791               0               0          1.0633         0.61548            -0.4               
         D        326        ASP               0               0               0               0               0               0          2.4042         0.89038          3.1953         0.55832          4.0829          1.4517            -3.5               
         D        327        ASP         0.15388         0.40714               0               0          1.2311               0         0.84566         0.23061         0.88545         0.22277          1.2408         0.54369            -3.5               
         D        328        ASP         0.63068         0.85124               0               0          2.2505               0         0.79942         0.34089          1.0719         0.25674          1.3954         0.37104            -3.5               
         D        329        VAL         0.38461          0.6111               0               0          1.4589               0         0.60749         0.19846         0.82584        0.074507         0.89452         0.38012             4.2               
         D        330        PHE          2.2269           1.374          1.6065          1.2276          4.2487               0          0.1365        0.057751         0.10411        0.026661         0.27851        0.068705             2.8               
         D        331        ILE           2.761          1.3254          1.7382          1.1405          4.3104               0         0.23793         0.10814         0.34131        0.039144         0.39864         0.11443             4.5               
         D        332        ALA         0.79042          1.0098               0               0          2.4305               0         0.18038        0.073307          0.1326               0         0.31068         0.11443             1.8               
         D        333        CYS         0.42762         0.60537               0               0          1.3304               0         0.47766         0.11481         0.53818        0.017028         0.57877         0.23312             2.5               
         D        334        GLY               0               0               0               0               0               0          1.1581         0.33349               0               0          1.5108         0.72229            -0.4               
         D        335        PRO               0               0               0               0               0               0          2.7038         0.78558          2.4808         0.51683          4.3435          1.7786             1.6               
         E          0        PRO               0               0               0               0               0               0          8.1297         0.76742          8.7733         0.21264          8.9237          6.7184             1.6               
         E          1        GLU               0               0               0               0               0               0          4.4639          1.0666          3.9657         0.37802          7.0153          3.5304            -3.5               
         E          2        SER               0               0               0               0               0               0          3.0908         0.73723          3.9205         0.28944          4.2099          2.0647            -0.8               
         E          3        SER               0               0               0               0               0               0          1.2971          0.2355           1.128         0.16203          1.7065         0.96601            -0.8               
         E          4        GLU         0.45707         0.64987         0.24942         0.49885          1.5269               0         0.99933          0.2074          1.0899         0.22795          1.5108         0.79653            -3.5               
         E          5        GLY         0.24735         0.49471               0               0          1.2368               0          0.8066          0.1318               0               0         0.92961         0.59082            -0.4               
         F          0        PRO          0.2678         0.51906         0.12333            0.37          1.4702               0          2.1899          1.6252          2.2085          1.5906          4.3435         0.42738             1.6               
         F          1        GLU          0.2579         0.48134         0.22626          0.4487          1.3477               0          1.3154         0.85355          1.2322         0.73724          3.0076         0.31068            -3.5               
         F          2        SER         0.21802         0.49111               0               0          1.4534               0          1.1607         0.39465          1.2187         0.35647          1.8944         0.57877            -0.8               
         F          3        SER         0.50965         0.60735         0.15431         0.40827          1.3354               0         0.86328         0.22964         0.83037         0.25998          1.1484         0.45733            -0.8               
         F          4        GLU         0.18661         0.38318        0.083233          0.3001          1.1689               0          1.3477         0.81825          1.4033          0.8465          2.8592           0.478            -3.5               
         F          5        GLY         0.29753         0.46566          0.3284         0.35464          1.3333               0          2.0769          1.5891          1.8762          1.6146          4.2099         0.42738            -0.4               
         G          0        PRO               0               0               0               0               0               0          8.1712         0.97241          8.9387         0.38686          9.4199          6.7184             1.6               
         G          1        GLU               0               0               0               0               0               0           4.281         0.90651          3.7534         0.28935          6.4428           3.434            -3.5               
         G          2        SER               0               0               0               0               0               0            3.26         0.79628           4.223         0.26115          4.4841          2.2562            -0.8               
         G          3        SER               0               0               0               0               0               0          1.4164         0.31858          1.3259         0.15506          1.9771           1.105            -0.8               
         G          4        GLU         0.16271         0.46021               0               0          1.4644               0          1.0733         0.18232          1.0922         0.22007          1.5108         0.89452            -3.5               
         G          5        GLY         0.33299         0.57675               0               0           1.332               0         0.86891        0.089361               0               0          1.0233         0.81215            -0.4               
