pdb_id: 6TFB
analysis type: bound
radii_file: C:\Users\choi\Desktop\PSAIA_output\amac_data\chothia.radii
ASA_zSice: 0.25
ASA_rSolvent: 1.4
CX_sRadius: 10
CX_vAtom: 20.1
radii_file: C:\Users\choi\Desktop\PSAIA_output\amac_data\hydrophobicity.hpb

  chain id|    res id|  res name|    average DPX|      s_avg DPX|   s-ch avg DPX| s-ch s_avg DPX|        max DPX|        min DPX|     average CX|       s_avg CX|    s-ch avg CX|  s-ch s_avg CX|         max CX|         min CX| Hydrophobicity|               
         A         33        LEU               0               0               0               0               0               0          1.9896          1.0662          2.9144         0.73453          4.0829         0.84423             3.8               
         A         34        ALA               0               0               0               0               0               0           1.314         0.41249          2.0203               0          2.0203         0.82805             1.8               
         A         35        CYS         0.24246         0.54215               0               0          1.4547               0         0.70461         0.18012         0.51036        0.092694         0.94764         0.41767             2.5               
         A         36        GLN         0.54604         0.81357               0               0          2.2654               0         0.57685         0.10872         0.56874         0.10325         0.73665         0.44721            -3.5               
         A         37        GLU         0.30068         0.56501               0               0          1.4655               0          1.2175         0.48235          1.5906         0.29158          2.1104         0.57877            -3.5               
         A         38        ILE          1.0172         0.83166         0.77693         0.77723          2.2531               0          0.2999         0.19666         0.14365        0.061488         0.69429        0.074214             4.5               
         A         39        THR         0.20618         0.50503               0               0          1.4432               0         0.88262         0.22321         0.97553         0.13745          1.1484         0.44721            -0.7               
         A         40        VAL         0.96848         0.89434         0.51227         0.72445          2.3917               0          0.4132         0.17133         0.22451        0.035484         0.62811         0.17739             4.2               
         A         41        PRO         0.21115         0.51721               0               0           1.478               0          1.1507         0.23307          1.3102         0.24813          1.5414         0.86069             1.6               
         A         42        LEU         0.34353         0.59874         0.37688         0.65277          1.5075               0         0.39986         0.17991         0.23973        0.076198         0.69429         0.12647             3.8               
         A         43        CYS          2.1533          1.2913          3.5245          0.5938          4.1183               0         0.24269         0.13258        0.077055       0.0083493         0.41767        0.068705             2.5               
         A         44        LYS         0.16128         0.45618               0               0          1.4515               0         0.97693         0.16702          1.0686         0.10264          1.1937         0.65395            -3.9               
         A         45        GLY               0               0               0               0               0               0           1.004         0.10201               0               0          1.1708         0.89452            -0.4               
         A         46        ILE          1.3202         0.86485          1.4137         0.91667          2.5663               0          0.3577         0.15161         0.22432        0.049733         0.62811         0.15137             4.5               
         A         47        GLY               0               0               0               0               0               0         0.56642        0.062898               0               0         0.66718         0.49926            -0.4               
         A         48        TYR          1.9259          1.8122          2.8888          1.4643           4.658               0         0.14938         0.14012        0.058892         0.06549         0.38932               0            -1.3               
         A         49        GLU          0.1373         0.38835               0               0          1.2357               0          1.0208         0.63111          1.4646           0.519          2.2061         0.40809            -3.5               
         A         50        TYR         0.79246          1.0158         0.34921         0.60487          2.8136               0         0.76513         0.53839          1.0315         0.46801          1.9771         0.13878            -1.3               
         A         51        THR          3.7634         0.46334          3.9751          0.3447          4.4083           3.163         0.12365        0.087318        0.035161       0.0087783         0.26302        0.026589            -0.7               
         A         52        TYR         0.64022         0.94879               0               0          2.5262               0         0.21628        0.070367         0.22816        0.070631         0.33588         0.12042            -1.3               
         A         53        MET         0.76908          1.0562          1.1741          1.2269           2.852               0         0.40788         0.22247         0.24995         0.15059         0.79653        0.031671             1.9               
         A         54        PRO         0.38442         0.61166               0               0          1.4735               0         0.76021         0.27793          1.0574         0.12356          1.1937         0.43722             1.6               
         A         55        ASN          1.1381          0.9706          1.6046         0.99582          2.4571               0         0.30229            0.19         0.14695        0.062984         0.68063        0.057855            -3.5               
         A         56        GLN               0               0               0               0               0               0         0.87132         0.32256          1.0276         0.34202           1.605         0.45733            -3.5               
         A         57        PHE         0.50072         0.66255         0.59585         0.68805          1.3983               0         0.41715         0.20987         0.27049        0.083177         0.78118         0.17077             2.8               
         A         58        ASN               0               0               0               0               0               0          1.4078         0.53267          1.8849         0.31837          2.1104         0.82805            -3.5               
         A         59        HIS          1.6528         0.98011          1.2418         0.98487          2.8325               0         0.44641         0.12755         0.35673         0.06856         0.66718         0.24789            -3.2               
         A         60        ASP         0.33526          0.5834               0               0          1.4534               0          1.3736         0.45344          1.7784         0.27916          2.2061         0.89452            -3.5               
         A         61        THR         0.72243          0.8759               0               0          2.2584               0          0.8915         0.38721          1.2796         0.18604          1.5414          0.3445            -0.7               
         A         62        GLN          0.7343         0.85702          1.0289         0.89733          2.2821               0         0.32689        0.094784         0.27177        0.085212         0.46759         0.15776            -3.5               
         A         63        ASP               0               0               0               0               0               0           1.312         0.54648          1.7851         0.36944          2.4164         0.72229            -3.5               
         A         64        GLU         0.13822         0.39094               0               0           1.244               0         0.98374          0.3914          1.2373         0.33761          1.8162         0.52115            -3.5               
         A         65        ALA          2.7723         0.50274           3.703               0           3.703          2.2563         0.14425         0.08952        0.026589               0         0.30248        0.026589             1.8               
         A         66        GLY         0.36139         0.62595               0               0          1.4456               0         0.35666        0.085818               0               0         0.44721         0.22587            -0.4               
         A         67        LEU         0.15415         0.40785               0               0          1.2332               0          1.3093         0.48887          1.7183         0.34229          2.0647         0.65395             3.8               
         A         68        GLU         0.43654         0.84244               0               0          2.4029               0         0.60085        0.071623          0.5671        0.062872         0.70818         0.46759            -3.5               
         A         69        VAL          1.4388          1.0181          1.3266          1.0247          2.4949               0         0.16962         0.10279         0.05831        0.021939         0.31897        0.031671             4.2               
         A         70        HIS         0.53621         0.85136               0               0          2.3862               0         0.97532         0.38546          1.2225         0.28858           1.605         0.43722            -3.2               
         A         71        GLN         0.16178         0.45759               0               0           1.456               0          1.0979         0.29317          1.3185         0.20524          1.6379         0.72229            -3.5               
         A         72        PHE          0.5857         0.80756         0.21648         0.53027          2.2524               0          0.3243         0.13758         0.22515        0.040747         0.54369         0.17077             2.8               
         A         73        TRP        0.088417         0.31879               0               0          1.2378               0          1.4218          0.5998          1.6942         0.49356          2.4164         0.69429            -0.9               
         A         74        PRO         0.38709         0.61513               0               0            1.47               0          1.0824         0.12437          1.1703         0.12144          1.2901         0.89452             1.6               
         A         75        LEU         0.81186         0.87415         0.37742         0.65372          2.3998               0         0.35768         0.12861         0.24467        0.053261         0.57877         0.15776             3.8               
         A         76        VAL         0.59643         0.69274         0.49753         0.70362          1.4926               0         0.47237         0.18462         0.32262        0.091427         0.79653         0.20461             4.2               
         A         77        GLU         0.13724         0.38817               0               0          1.2352               0          1.7978         0.58572          2.2055         0.41448           2.789         0.84423            -3.5               
         A         78        ILE         0.37066         0.64207         0.37498         0.64948          1.4999               0          1.4064         0.23774          1.4046         0.31417          1.9352          1.1708             4.5               
         A         79        GLN         0.28367         0.53118               0               0          1.3241               0          1.5615         0.55542          1.9391          0.4742           2.789         0.96601            -3.5               
         A         80        CYS         0.54884         0.78363         0.91657         0.91657          1.8331               0         0.57238         0.12969         0.43553         0.10816         0.76608         0.32737             2.5               
         A         81        SER         0.20821         0.46558               0               0          1.2493               0         0.40644         0.11324          0.2593        0.011414         0.54369         0.24789            -0.8               
         A         82        PRO               0               0               0               0               0               0         0.72854         0.21773         0.95422        0.030882         0.98474         0.41767             1.6               
         A         83        ASP          1.4827          1.3323         0.37818         0.65502          3.3807               0         0.26995         0.10046         0.33247        0.081606         0.43722         0.12647            -3.5               
         A         84        LEU          1.1417         0.95326         0.38174          0.6612          2.4681               0         0.06756        0.041343        0.056533        0.037591         0.14504       0.0019112             3.8               
         A         85        LYS         0.72844          0.8482           0.304           0.608          2.2435               0         0.33392         0.25485          0.5021         0.23028         0.89452        0.096829            -3.9               
         A         86        PHE          2.3292          1.3929          2.6276          1.3924          4.2538               0        0.041628        0.059334        0.020616        0.018757         0.21161               0             2.8               
         A         87        PHE          4.3886         0.70432          4.6392         0.57322          5.6245          2.8231       0.0092124        0.023152               0               0         0.07978               0             2.8               
         A         88        LEU          4.2909         0.51493          4.0795         0.30358          5.3384          3.6714        0.058204        0.019243        0.052849        0.018809        0.091087        0.026589             3.8               
         A         89        CYS          4.4694         0.56128          4.5011         0.37214          5.2448          3.6667        0.049878        0.036232        0.080244        0.022388         0.10263               0             2.5               
         A         90        SER          2.2925          1.2949           3.295         0.21104          3.5568               0        0.012276        0.017615               0               0        0.041988               0            -0.8               
         A         91        MET         0.75138         0.76423         0.83155         0.83591          1.7836               0        0.062485        0.024869        0.066908        0.031291         0.10263        0.016573             1.9               
         A         92        TYR          2.8432          1.1916            2.75          1.3997          4.2251               0        0.060737        0.076601        0.091106        0.077684         0.24789               0            -1.3               
         A         93        THR          4.0964         0.38458          4.1988         0.46112          4.6753           3.575               0               0               0               0               0               0            -0.7               
         A         94        PRO           1.595          1.1483         0.50892         0.71972          3.2435               0         0.04215        0.049767        0.073358        0.061883         0.15137               0             1.6               
         A         95        ILE          1.0032          1.1026          0.3836         0.66441          2.8361               0        0.066475        0.023363        0.069463        0.028695         0.11443        0.041988             4.5               
         A         96        CYS          0.7055         0.71165         0.77237         0.77237          1.5447               0         0.18456        0.067521         0.22288        0.071514         0.29439         0.07978             2.5               
         A         97        LEU          0.1536         0.40638               0               0          1.2288               0         0.49398         0.14924         0.46346        0.073419         0.73665         0.26302             3.8               
         A         98        GLU               0               0               0               0               0               0          1.7708         0.41574          1.8236         0.34181          2.3079          1.0233            -3.5               
         A         99        ASP         0.16602         0.43925               0               0          1.3282               0          2.4479         0.48864          2.7326         0.50932           3.253          1.8944            -3.5               
         A        100        TYR         0.44465         0.62989         0.34684         0.60074           1.392               0         0.81656         0.22871         0.71205         0.11215          1.4232         0.54369            -1.3               
         A        101        LYS               0               0               0               0               0               0          1.2309         0.17329          1.2316         0.20168          1.4517         0.89452            -3.9               
         A        102        LYS         0.14648          0.4143               0               0          1.3183               0          1.5985         0.76831          2.1767         0.53094           2.789         0.62811            -3.9               
         A        103        PRO         0.17466         0.42784               0               0          1.2227               0         0.81642         0.22913          1.0068         0.20983          1.2652         0.55521             1.6               
         A        104        LEU         0.68751         0.93631          1.0101          1.0704          2.5211               0         0.21123        0.061509         0.20549        0.032193         0.31897          0.1085             3.8               
         A        105        PRO         0.56018         0.91641               0               0          2.4006               0         0.18345         0.12011         0.29815        0.036999         0.33588        0.011638             1.6               
         A        106        PRO          2.0931            1.11          1.3242         0.99773          3.4035               0        0.035096        0.033726        0.030262        0.031806        0.091087               0             1.6               
         A        107        CYS          1.5724         0.79969         0.93013         0.93013          2.4305               0        0.067093        0.051245         0.11647        0.047763         0.16423               0             2.5               
         A        108        ARG          0.7189          0.8203         0.41091         0.65239          2.2409               0         0.33252         0.22401         0.45459         0.19216         0.81215        0.063253            -4.5               
         A        109        SER          1.2012          1.3073               0               0          3.2377               0          0.0889        0.027079        0.097315        0.023101          0.1326        0.063253            -0.8               
         A        110        VAL           3.927         0.55176          4.0277           0.448          4.4943           2.875        0.015756        0.013252         0.01825       0.0046754        0.041988               0             4.2               
         A        111        CYS          3.0307         0.72189          2.5609           0.476          4.2009          2.0849        0.045565         0.03702        0.047885        0.026329        0.091087               0             2.5               
         A        112        GLU         0.68522         0.81198         0.69713         0.90657          2.2247               0         0.13497         0.04346         0.10847        0.035532         0.20461        0.052513            -3.5               
         A        113        ARG         0.24628         0.52433               0               0           1.459               0          0.2604        0.060804         0.29159        0.047958         0.37104         0.15776            -4.5               
         A        114        ALA          3.0537         0.63649          4.2146               0          4.2146          2.2809         0.12168         0.03703        0.052513               0         0.16423        0.052513             1.8               
         A        115        LYS         0.43989         0.84976               0               0          2.4286               0         0.30667         0.13392         0.38389         0.12307         0.54369         0.12042            -3.9               
         A        116        ALA               0               0               0               0               0               0         0.36077        0.090313          0.3445               0         0.52115         0.24046             1.8               
         A        117        GLY         0.30875         0.53477               0               0           1.235               0         0.41569        0.086954               0               0         0.54369         0.32737            -0.4               
         A        118        CYS          2.8865         0.57269          3.5885         0.39077          3.9792          2.2356         0.27943         0.07798         0.18469        0.026925         0.37104         0.15776             2.5               
         A        119        ALA         0.54093         0.66614               0               0          1.4621               0          0.5589        0.076402          0.5669               0         0.68063         0.46759             1.8               
         A        120        PRO          0.2099         0.51414               0               0          1.4693               0         0.83362         0.13703         0.80636         0.13278          1.0633         0.64093             1.6               
         A        121        LEU         0.15515         0.41048               0               0          1.2412               0         0.80725         0.15507         0.79446         0.18062           1.084         0.60306             3.8               
         A        122        MET         0.67774         0.91491               0               0          2.4233               0         0.53436         0.30087         0.28869        0.091158           1.084         0.19084             1.9               
         A        123        ARG         0.13261         0.41935               0               0          1.4587               0          1.2518         0.16885          1.2658        0.096167          1.5108          0.9119            -4.5               
         A        124        GLN         0.13754         0.38903               0               0          1.2379               0            2.14         0.53228          2.4257         0.52441          3.3416          1.4517            -3.5               
         A        125        TYR         0.12093         0.40109               0               0          1.4512               0          2.2103         0.64004          2.4074          0.6965          3.7363          1.5108            -1.3               
         A        126        GLY               0               0               0               0               0               0          2.0772         0.33653               0               0          2.5931          1.7421            -0.4               
         A        127        PHE         0.23372         0.49635               0               0          1.3409               0          1.4228         0.37361          1.5689         0.37139          2.1575         0.89452             2.8               
         A        128        ALA         0.24687         0.49375               0               0          1.2344               0          1.1269           0.306           1.605               0           1.605         0.78118             1.8               
         A        129        TRP          1.0885         0.88665           1.253         0.90543          2.4327               0         0.38451         0.27063         0.23502          0.1389         0.92961        0.052513            -0.9               
         A        130        PRO         0.60178         0.69947         0.50365         0.71227           1.511               0         0.70608          0.1849         0.56728         0.11499         0.96601         0.44721             1.6               
         A        131        ASP          0.4471         0.80679               0               0           2.241               0          1.4674         0.47167          1.9189         0.11395          2.1104         0.84423            -3.5               
         A        132        ARG               0               0               0               0               0               0          1.0501         0.52128           1.309         0.47499          2.1575         0.39864            -4.5               
         A        133        MET         0.95262         0.75679          1.2603         0.73418          1.7695               0         0.22789        0.096442         0.17106        0.063329         0.41767        0.068705             1.9               
         A        134        ARG         0.24819         0.52975         0.21468         0.52585          1.5027               0          1.3561         0.83167          1.8313         0.68044          2.7214         0.44721            -4.5               
         A        135        CYS         0.84175         0.88998               0               0          2.2582               0         0.25252        0.076113          0.1743        0.016539          0.3445         0.15776             2.5               
         A        136        ASP         0.31072         0.53819         0.31244         0.54116          1.2498               0          1.1424         0.37778          1.3684         0.30752          1.8162         0.51013            -3.5               
         A        137        ARG         0.13203          0.4175               0               0          1.4523               0          1.3468         0.38004          1.5741         0.27936          2.1104         0.84423            -4.5               
         A        138        LEU         0.70468         0.71059         0.38565         0.66797          1.5426               0         0.35336         0.15331         0.21546        0.068847         0.60306         0.12647             3.8               
         A        139        PRO         0.50784            0.84               0               0          2.2389               0         0.38294        0.093996          0.4421          0.0481         0.51013         0.20461             1.6               
         A        140        GLU         0.13719         0.38804               0               0          1.2347               0         0.27607         0.05935         0.27717        0.065084         0.36208         0.19769            -3.5               
         A        141        GLN         0.29739         0.55846               0               0          1.4408               0         0.27053        0.064387         0.27437        0.081307         0.39864         0.15137            -3.5               
         A        142        GLY               0               0               0               0               0               0         0.62221         0.07478               0               0         0.69429         0.49926            -0.4               
         A        143        ASN         0.32403         0.56161         0.31389         0.54368          1.3367               0          1.1308         0.20702          1.1754         0.18675          1.4517         0.79653            -3.5               
         A        144        PRO         0.19102         0.46791               0               0          1.3372               0          1.9285         0.53716          1.6518         0.51216          2.6561          1.1708             1.6               
         A        145        ASP          0.1676         0.44342               0               0          1.3408               0          2.8402         0.85168          3.6049         0.45922          4.0829          1.8162            -3.5               
         A        146        THR               0               0               0               0               0               0         0.85788         0.20163         0.92434         0.15898          1.1708         0.62811            -0.7               
         A        147        LEU         0.54906         0.71111         0.38425         0.66554           1.537               0         0.48278         0.17881         0.61563         0.15565         0.81215         0.27072             3.8               
         A        148        CYS          2.9261         0.82034          3.2753         0.12554          3.6751          1.3256         0.19899        0.039522           0.191        0.013611         0.24789         0.13878             2.5               
         A        149        MET          4.0317         0.49057          3.9426         0.37926          4.7998          3.4603        0.044897        0.028979        0.043648        0.030045        0.074214               0             1.9               
         A        150        ASP          1.2609          1.3584               0               0          3.5559               0          0.1944        0.046862         0.23017        0.028801         0.26302         0.11443            -3.5               
         A        151        TYR          1.4424          1.1738          1.3765          1.2239          3.4129               0         0.37937         0.16227         0.33384          0.1351         0.64093         0.13878            -1.3               
         A        152        GLU         0.16264         0.46002               0               0          1.4638               0          1.5808         0.49652           1.951         0.35087          2.5322          0.9119            -3.5               
         A        153        ARG               0               0               0               0               0               0          2.9249          1.1984          3.1868          1.3389          5.9466          1.5414            -4.5               
         A        156        LEU         0.51032          0.9183          1.0206          1.0797          2.5393               0         0.92503         0.40555         0.57307         0.19079          1.6379         0.40809             3.8               
         A        157        GLU         0.39724         0.77394               0               0          2.2459               0          1.4837         0.66935          1.9826         0.47845           2.789         0.69429            -3.5               
         A        158        VAL         0.38417          0.6106               0               0           1.461               0          0.5133         0.18206         0.33322        0.063936         0.81215         0.26302             4.2               
         A        159        LEU         0.81738         0.85485         0.38056         0.65915          2.2348               0         0.76051         0.28685         0.99204         0.21413          1.3415         0.36208             3.8               
         A        160        PHE         0.38524         0.62928         0.39771         0.62884          1.4537               0          0.6519         0.20608         0.56491         0.18301          1.0431         0.31068             2.8               
         A        161        GLN         0.14583         0.41247               0               0          1.3125               0         0.59194         0.11795         0.58065         0.14447         0.78118          0.3445            -3.5               
         A        162        GLY         0.32657         0.56563               0               0          1.3063               0         0.47848        0.026482               0               0         0.51013         0.43722            -0.4               
         B         33        LEU               0               0               0               0               0               0          1.4093         0.44635          1.5912         0.50918          2.4164         0.86069             3.8               
         B         34        ALA         0.24596         0.49193               0               0          1.2298               0           1.332         0.47247          2.1575               0          2.1575         0.84423             1.8               
         B         35        CYS         0.24018         0.53706               0               0          1.4411               0         0.73983          0.1843         0.54407         0.09686          1.0038         0.44721             2.5               
         B         36        GLN         0.54874         0.81667               0               0          2.2693               0          0.5353         0.10316         0.52416        0.091885         0.70818         0.39864            -3.5               
         B         37        GLU         0.30007         0.56363               0               0           1.457               0          1.1756         0.45648          1.5356         0.26239          2.0203         0.59082            -3.5               
         B         38        ILE          1.0113         0.82765         0.76339         0.76343          2.2574               0         0.30378         0.19741         0.14794        0.057816         0.69429        0.085404             4.5               
         B         39        THR         0.20886         0.51159               0               0           1.462               0         0.89848         0.22324         0.98403          0.1528          1.1708           0.478            -0.7               
         B         40        VAL         0.96623         0.89332         0.50449         0.71345          2.3938               0         0.43765         0.17249         0.24707        0.044998         0.65395         0.18408             4.2               
         B         41        PRO         0.21011         0.51466               0               0          1.4708               0          1.2309         0.29965          1.4377         0.33819          1.7421          0.9119             1.6               
         B         42        LEU          0.3438         0.59945         0.37823         0.65512          1.5129               0         0.44082         0.20515         0.25686        0.078668         0.78118         0.12647             3.8               
         B         43        CYS          3.0573         0.76317          4.1058        0.033944          4.1398          2.2435         0.26652         0.14586        0.080041        0.016788         0.44721        0.063253             2.5               
         B         44        LYS         0.16171         0.45737               0               0          1.4554               0          1.0199         0.20436          1.1294         0.12119          1.2652         0.62811            -3.9               
         B         45        GLY               0               0               0               0               0               0          1.2358         0.20172               0               0          1.4517         0.94764            -0.4               
         B         46        ILE         0.87817         0.94171          1.4204         0.92035           2.576               0          0.4736         0.17219         0.31857        0.071157         0.75124         0.23312             4.5               
         B         47        GLY               0               0               0               0               0               0         0.73151        0.060054               0               0         0.81215         0.66718            -0.4               
         B         48        TYR          1.9052          1.7757          2.8577          1.4168          4.4476               0         0.19787         0.17222        0.088341         0.08535         0.49926               0            -1.3               
         B         49        GLU         0.13713         0.38786               0               0          1.2342               0          1.0188         0.65493          1.4803         0.53875          2.1575         0.38932            -3.5               
         B         50        TYR         0.99665           1.079         0.66001         0.90663          2.7769               0          0.7621         0.54009          1.0292         0.46914          2.0203          0.1326            -1.3               
         B         51        THR          3.9684         0.41105          4.0504         0.36874          4.5561          3.4426          0.1182        0.095877        0.023462        0.015382         0.27851       0.0019112            -0.7               
         B         52        TYR         0.88164          1.1159         0.19199         0.50795          3.0229               0         0.22249        0.077161          0.2385        0.073105         0.31897        0.091087            -1.3               
         B         53        MET         0.76099          1.0426          1.1596          1.2092           2.804               0         0.36749         0.25259         0.17206         0.12499         0.82805               0             1.9               
         B         54        PRO         0.38623         0.61377               0               0          1.4668               0         0.76673         0.29121          1.0774         0.12016          1.1937         0.40809             1.6               
         B         55        ASN          1.4978           1.338          2.6321         0.78141          3.7254               0         0.27841         0.16646         0.14688        0.062889         0.61548        0.063253            -3.5               
         B         56        GLN               0               0               0               0               0               0         0.48957         0.24066         0.33109        0.083556          1.0038         0.19084            -3.5               
         B         57        PHE           0.809         0.94868          1.0808          1.0103          2.4036               0         0.47665         0.21413         0.35495         0.13889         0.89452         0.17739             2.8               
         B         58        ASN               0               0               0               0               0               0          1.4722         0.56476          1.9914         0.26533          2.3079         0.73665            -3.5               
         B         59        HIS          1.6325         0.95992           1.236         0.97899          2.7277               0         0.41753         0.13644         0.32403        0.081114         0.62811         0.20461            -3.2               
         B         60        ASP         0.33636         0.58515               0               0          1.4548               0          1.2614         0.32999          1.5724         0.13762          1.7421         0.87746            -3.5               
         B         61        THR          0.7239         0.87933               0               0          2.2749               0         0.90172         0.39606          1.2973         0.19499          1.5728         0.32737            -0.7               
         B         62        GLN         0.73767         0.86005          1.0359         0.90098          2.2759               0         0.32961        0.088454         0.28743        0.087318         0.44721         0.20461            -3.5               
         B         63        ASP               0               0               0               0               0               0          1.3365         0.57361          1.8294          0.3969          2.4733         0.72229            -3.5               
         B         64        GLU         0.13751         0.38895               0               0          1.2376               0         0.84537          0.2086         0.97864          0.1351           1.217         0.52115            -3.5               
         B         65        ALA          1.5074         0.88761          2.5265               0          2.5265               0         0.14865        0.094599        0.031671               0         0.31897        0.031671             1.8               
         B         66        GLY         0.33435          0.5791               0               0          1.3374               0         0.31507        0.075667               0               0         0.40809         0.21161            -0.4               
         B         67        LEU          0.1546         0.40903               0               0          1.2368               0          1.2514         0.48068          1.6627         0.32017          2.0203         0.61548             3.8               
         B         68        GLU         0.13786         0.38994               0               0          1.2408               0           0.587        0.090859           0.538        0.091478         0.68063         0.38012            -3.5               
         B         69        VAL          1.4299          1.0013          1.3704          1.0496          2.5495               0         0.18792         0.10601        0.077614        0.040806         0.35323        0.026589             4.2               
         B         70        HIS         0.53636         0.85199               0               0          2.3904               0         0.94778          0.3536          1.1565         0.29225          1.5728         0.44721            -3.2               
         B         71        GLN         0.16183         0.45773               0               0          1.4565               0          1.1764         0.36811          1.4537         0.26161          1.7065         0.73665            -3.5               
         B         72        PHE         0.23425         0.49726               0               0          1.3313               0         0.33863         0.14555         0.23503        0.049252         0.57877         0.17077             2.8               
         B         73        TRP        0.088162         0.31787               0               0          1.2343               0          1.4293         0.58027          1.6989         0.46553          2.4164         0.70818            -0.9               
         B         74        PRO         0.38765         0.61617               0               0          1.4747               0          1.1002        0.093848          1.1659        0.075064          1.2408         0.94764             1.6               
         B         75        LEU         0.92364         0.98463         0.38135         0.66053          2.3872               0         0.37833         0.12197         0.27498        0.053226         0.59082         0.18408             3.8               
         B         76        VAL          0.3862         0.61352               0               0          1.4627               0         0.47808         0.19182         0.32116         0.07965         0.81215         0.21161             4.2               
         B         77        GLU               0               0               0               0               0               0          1.8357         0.57225          2.2495         0.36568           2.789         0.86069            -3.5               
         B         78        ILE         0.35596         0.61812         0.37807         0.65484          1.5123               0          1.3142         0.14052          1.2273         0.10099          1.5728          1.1484             4.5               
         B         79        GLN         0.28484         0.53355               0               0           1.338               0          1.6006         0.58332          2.0068         0.48462          2.8592          1.0038            -3.5               
         B         80        CYS         0.53997         0.76911         0.88935         0.88935          1.7787               0         0.58261         0.10645         0.47042         0.10835         0.70818         0.36208             2.5               
         B         81        SER               0               0               0               0               0               0         0.46584        0.099297         0.34472        0.017351         0.59082         0.32737            -0.8               
         B         82        PRO               0               0               0               0               0               0         0.89377         0.26112          1.1741        0.083561          1.2652         0.57877             1.6               
         B         83        ASP          1.4992          1.3491         0.38051         0.65907          3.4292               0         0.33897         0.12416         0.42366         0.09016         0.52115         0.15776            -3.5               
         B         84        LEU          1.1387         0.95213         0.37744         0.65375          2.4692               0        0.078448        0.051773        0.065795        0.042363         0.18408               0             3.8               
         B         85        LYS         0.72522         0.84416          0.2981         0.59619          2.2333               0         0.40098         0.29267         0.60168         0.25148          1.0233         0.12042            -3.9               
         B         86        PHE          1.3525          1.1576          1.0868          1.0167          3.3214               0          0.0795        0.074449        0.060996        0.041076         0.26302       0.0067513             2.8               
         B         87        PHE          4.2766         0.67439          4.4423         0.60561          5.4779           2.866       0.0072193        0.017159               0               0        0.057855               0             2.8               
         B         88        LEU          2.6556          1.2914          1.6453          1.0333          4.3442               0        0.062758         0.01396        0.070278        0.014603        0.085404        0.041988             3.8               
         B         89        CYS            4.39         0.49072          4.4366         0.37235           4.929          3.6591        0.057186        0.039576        0.086465        0.033952         0.12042               0             2.5               
         B         90        SER          2.3144          1.3043          3.3314         0.16465          3.5724               0        0.011748         0.01656               0               0        0.041988               0            -0.8               
         B         91        MET         0.75884         0.77468         0.84831         0.85476          1.8449               0         0.05357        0.026194        0.054599        0.036632         0.10263               0             1.9               
         B         92        TYR          1.8537         0.97167          1.5896            1.01          3.2407               0        0.059185         0.08266        0.088777        0.087304         0.27851               0            -1.3               
         B         93        THR          2.4936          1.2916          1.3254          1.0042          4.1982               0               0               0               0               0               0               0            -0.7               
         B         94        PRO          1.6068          1.1592         0.51559         0.72916          3.2876               0          0.0323        0.049982        0.059319        0.065987         0.15137               0             1.6               
         B         95        ILE          1.3357          1.1502           1.039          1.1062          2.8742               0        0.060648          0.0291        0.072459        0.033227         0.12647        0.026589             4.5               
         B         96        CYS           0.705         0.71084         0.77147         0.77147          1.5429               0         0.18185        0.063297         0.20555        0.072959         0.27851        0.096829             2.5               
         B         97        LEU         0.33623         0.58505               0               0          1.4567               0         0.49082         0.14482         0.46531          0.0892         0.69429         0.26302             3.8               
         B         98        GLU         0.16221          0.4588               0               0          1.4599               0           1.611         0.35033          1.5821         0.20407          2.2061         0.96601            -3.5               
         B         99        ASP         0.32071         0.55596               0               0          1.3285               0          2.4514          0.5061          2.7189         0.56685          3.3416          1.8548            -3.5               
         B        100        TYR         0.45415         0.64413         0.34507         0.59772          1.4608               0         0.84496         0.20555          0.7454          0.1108          1.3415         0.60306            -1.3               
         B        101        LYS               0               0               0               0               0               0          1.7057         0.58701          2.0317         0.60427          2.8592          1.1937            -3.9               
         B        102        LYS               0               0               0               0               0               0          1.4352         0.54125          1.8825         0.23308          2.1575         0.65395            -3.9               
         B        103        PRO         0.17606         0.43127               0               0          1.2324               0          0.8186         0.21902         0.97032         0.21656          1.2652         0.55521             1.6               
         B        104        LEU         0.68487         0.93234          1.0077          1.0662          2.5082               0         0.23378        0.071579           0.245         0.03173         0.32737         0.10263             3.8               
         B        105        PRO         0.56438         0.92512               0               0          2.4318               0         0.17435         0.10754         0.27936        0.032698         0.30248        0.021556             1.6               
         B        106        PRO           2.084          1.0986          1.3237         0.99897          3.3641               0        0.015389        0.019521       0.0088629        0.012534        0.057855               0             1.6               
         B        107        CYS          1.5728         0.80244         0.93017         0.93017          2.4716               0        0.093418        0.060825         0.16554        0.039068         0.20461        0.016573             2.5               
         B        108        ARG         0.94293         0.92227         0.76117         0.93537          2.4557               0         0.23146         0.15178         0.31324          0.1299         0.57877        0.031671            -4.5               
         B        109        SER         0.65351         0.95694               0               0          2.3904               0         0.13768        0.059417         0.20235        0.038115         0.24046         0.07978            -0.8               
         B        110        VAL          3.8345         0.68385          4.0774         0.55362          4.5832           2.465        0.031655        0.016733        0.031823        0.012513        0.052513               0             4.2               
         B        111        CYS          3.7773         0.60226          3.2816         0.14999          4.7511          3.1317        0.024046        0.025887        0.016791         0.01488        0.068705               0             2.5               
         B        112        GLU         0.58487         0.88402               0               0          2.4958               0         0.10164        0.041879        0.080753        0.032234         0.17077        0.026589            -3.5               
         B        113        ARG         0.24517         0.52212               0               0          1.4566               0         0.36335         0.11927          0.4342        0.089556         0.60306         0.19769            -4.5               
         B        114        ALA          3.0362         0.64453          4.2217               0          4.2217          2.2729         0.11005        0.041504        0.068705               0         0.16423        0.057855             1.8               
         B        115        LYS         0.44019         0.85006               0               0          2.4279               0         0.20681          0.1067         0.25512         0.10527         0.41767        0.063253            -3.9               
         B        116        ALA               0               0               0               0               0               0         0.33035        0.080827         0.29439               0           0.478         0.24046             1.8               
         B        117        GLY         0.30852         0.53437               0               0          1.2341               0         0.40786        0.055074               0               0         0.48855         0.33588            -0.4               
         B        118        CYS          3.1307         0.54307          3.5398         0.41619           3.956           2.249         0.26848        0.060263           0.191        0.013611         0.33588         0.17739             2.5               
         B        119        ALA          1.8146         0.98529               0               0          2.6444               0         0.44208        0.085267         0.42738               0         0.59082          0.3445             1.8               
         B        120        PRO         0.21019         0.51486               0               0          1.4713               0         0.67081         0.15997         0.62418         0.14563         0.94764         0.45733             1.6               
         B        121        LEU         0.48865         0.87412               0               0          2.3917               0         0.78236         0.15505         0.79993         0.17072           1.084         0.61548             3.8               
         B        122        MET         0.67624         0.91214               0               0          2.4125               0         0.53932         0.30379         0.29068        0.091264           1.084         0.19769             1.9               
         B        123        ARG         0.13264         0.41945               0               0          1.4591               0           0.998         0.26526         0.86683         0.16971          1.5108         0.64093            -4.5               
         B        124        GLN         0.13733         0.38843               0               0           1.236               0           2.012         0.42258          2.2551         0.35328           2.789          1.3954            -3.5               
         B        125        TYR         0.12136         0.40252               0               0          1.4564               0           2.225         0.56724          2.4025         0.60547          3.5304          1.5728            -1.3               
         B        126        GLY               0               0               0               0               0               0          2.0808         0.22601               0               0          2.4164          1.8548            -0.4               
         B        127        PHE         0.23261         0.49373               0               0          1.3186               0          1.3871         0.33393          1.5374         0.31089          2.0203         0.89452             2.8               
         B        128        ALA         0.24562         0.49124               0               0          1.2281               0          1.0175         0.23993          1.2901               0          1.2901         0.70818             1.8               
         B        129        TRP         0.90376         0.83437         0.99738         0.87277           2.241               0         0.31775         0.25274         0.17509         0.11506         0.84423        0.016573            -0.9               
         B        130        PRO         0.38757         0.61609               0               0          1.4755               0         0.63862          0.1516         0.56383         0.16536         0.82805         0.42738             1.6               
         B        131        ASP               0               0               0               0               0               0          1.4335         0.43294          1.8412         0.13249          2.0647         0.84423            -3.5               
         B        132        ARG         0.11281         0.35674               0               0          1.2409               0           1.126         0.55189          1.4128         0.47846          2.2562         0.40809            -4.5               
         B        133        MET         0.52761         0.68483         0.37957         0.65743          1.5183               0         0.21322        0.085548         0.17317        0.068379         0.37104        0.074214             1.9               
         B        134        ARG           0.233         0.49474               0               0           1.332               0          1.1597         0.73658          1.5655         0.62903          2.5322         0.35323            -4.5               
         B        135        CYS          1.1498         0.86449         0.92858         0.92858          2.2495               0         0.19352        0.077122          0.1085               0         0.30248          0.1085             2.5               
         B        136        ASP         0.18283         0.48371               0               0          1.4626               0         0.91274          0.2866          1.0559         0.18963          1.3155         0.40809            -3.5               
         B        137        ARG         0.12241         0.38709               0               0          1.3465               0         0.91055         0.15566         0.92477         0.18225          1.1708         0.60306            -4.5               
         B        138        LEU         0.54437         0.70562         0.38189         0.66145          1.5275               0         0.33131         0.15743         0.19109        0.064341         0.60306        0.085404             3.8               
         B        139        PRO         0.50998          0.8431               0               0          2.2455               0         0.35031        0.077325         0.40601        0.039234         0.45733         0.22587             1.6               
         B        140        GLU         0.13671         0.38668               0               0          1.2304               0         0.26296        0.056264         0.24543        0.050499          0.3445         0.19769            -3.5               
         B        141        GLN         0.29918         0.56218               0               0          1.4578               0         0.44328        0.073194         0.46334        0.074559         0.55521         0.31068            -3.5               
         B        142        GLY               0               0               0               0               0               0         0.87728        0.086318               0               0         0.96601         0.75124            -0.4               
         B        143        ASN               0               0               0               0               0               0          1.3195         0.20727          1.3482         0.16988          1.5414         0.92961            -3.5               
         B        144        PRO          0.1921         0.47055               0               0          1.3447               0          2.4896         0.52105          2.3965         0.54931           3.168          1.7421             1.6               
         B        145        ASP         0.16624         0.43982               0               0          1.3299               0          3.2414          1.0597           4.184         0.57518          4.7888          1.8162            -3.5               
         B        146        THR               0               0               0               0               0               0           0.948         0.22225         0.98756         0.13628          1.3682         0.68063            -0.7               
         B        147        LEU         0.54813         0.70975         0.37957         0.65744          1.5313               0         0.54335          0.1964         0.68397         0.17851         0.89452         0.32737             3.8               
         B        148        CYS          1.0862          1.1462               0               0          2.6571               0          0.2362        0.047608         0.22655         0.02886         0.30248         0.15776             2.5               
         B        149        MET          2.7964          1.2789          1.9342          1.2338          4.4808               0        0.064197        0.035391        0.061416        0.038116         0.10263               0             1.9               
         B        150        ASP          1.2372          1.3164               0               0          3.3344               0         0.25716        0.046296         0.27556        0.034878         0.31897         0.16423            -3.5               
         B        151        TYR         0.55044         0.82503         0.17416          0.4608          2.4514               0         0.57887         0.21855         0.52695         0.18648         0.94764         0.24789            -1.3               
         B        152        GLU         0.16345         0.46229               0               0           1.471               0          2.3597          0.8206           2.949         0.62933          4.0829          1.2652            -3.5               
         B        157        GLU         0.13814         0.39073               0               0          1.2433               0          2.6563            1.36          3.6937         0.91463          4.7888          1.0431            -3.5               
         B        158        VAL         0.38591         0.61302               0               0           1.461               0         0.69571         0.23374         0.45788        0.077186          1.0431         0.39864             4.2               
         B        159        LEU         0.82145         0.85942         0.38195         0.66156          2.2494               0         0.95079         0.39181          1.2896         0.23295           1.605         0.38012             3.8               
         B        160        PHE         0.70756         0.82376         0.72842         0.89683          2.3715               0         0.68487          0.2223         0.58832         0.19245           1.105         0.31897             2.8               
         B        161        GLN          0.1823         0.48232               0               0          1.4584               0         0.61091        0.071828         0.61525        0.067398         0.72229         0.51013            -3.5               
